20190611 000000 8.45e-07 8.885e-07 8.44e-07 8.52e-07	
20190610 000000 8.986e-07 8.999e-07 8.189e-07 8.45e-07	
20190609 000000 9.954e-07 9.959e-07 8.867e-07 8.984e-07	
20190608 000000 9.174e-07 1.1e-06 8.771e-07 9.959e-07	
20190607 000000 9.018e-07 9.888e-07 8.472e-07 9.174e-07	
20190606 000000 7.785e-07 9.6e-07 7.748e-07 9.02e-07	
20190605 000000 7.831e-07 7.918e-07 7.748e-07 7.784e-07	
20190604 000000 7.874e-07 7.918e-07 7.039e-07 7.86e-07	
20190603 000000 7.851e-07 7.98e-07 7.795e-07 7.884e-07	
20190602 000000 7.934e-07 8.2e-07 7.7e-07 7.851e-07	
20190601 000000 8.065e-07 8.102e-07 7.7e-07 7.933e-07	
20190531 000000 7.82e-07 8.261e-07 7.603e-07 8.066e-07	
20190530 000000 8.347e-07 8.37e-07 7.771e-07 7.85e-07	
20190529 000000 7.872e-07 8.5e-07 7.727e-07 8.31e-07	
20190528 000000 7.585e-07 7.9e-07 7.51e-07 7.872e-07	
20190527 000000 8.041e-07 8.05e-07 7.162e-07 7.6e-07	
20190526 000000 8.156e-07 8.176e-07 7.804e-07 8.041e-07	
20190525 000000 8.02e-07 8.3e-07 7.8e-07 8.157e-07	
20190524 000000 8.043e-07 8.1e-07 7.9e-07 8.02e-07	
20190523 000000 7.876e-07 8.72e-07 7.722e-07 8.043e-07	
20190522 000000 8.178e-07 8.248e-07 7.65e-07 7.869e-07	
20190521 000000 8.457e-07 9.366e-07 8.028e-07 8.179e-07	
20190520 000000 9.111e-07 9.152e-07 8.1e-07 8.457e-07	
20190519 000000 1.0116e-06 1.012e-06 8.001e-07 9.1e-07	
20190518 000000 9.52e-07 1.4715e-06 9.449e-07 1.0115e-06	
20190517 000000 8.146e-07 1.206e-06 7.901e-07 9.56e-07	
20190516 000000 7.64e-07 8.391e-07 7.391e-07 8.146e-07	
20190515 000000 7.109e-07 8.156e-07 6.533e-07 7.651e-07	
20190514 000000 8.043e-07 8.14e-07 6.413e-07 7.11e-07	
20190513 000000 8.372e-07 8.52e-07 7.728e-07 8.109e-07	
