20190611 000000 4.744e-05 5.084e-05 4.713e-05 4.777e-05	
20190610 000000 4.911e-05 4.995e-05 4.619e-05 4.743e-05	
20190609 000000 5.173e-05 5.19e-05 4.9e-05 4.91e-05	
20190608 000000 5.264e-05 5.379e-05 5.113e-05 5.186e-05	
20190607 000000 5.412e-05 5.899e-05 4.986e-05 5.26e-05	
20190606 000000 4.488e-05 5.893e-05 4.461e-05 5.415e-05	
20190605 000000 4.706e-05 4.909e-05 4.01e-05 4.494e-05	
20190604 000000 5.11e-05 5.182e-05 4.388e-05 4.728e-05	
20190603 000000 5.195e-05 5.224e-05 5.012e-05 5.119e-05	
20190602 000000 5.146e-05 5.37e-05 5.03e-05 5.195e-05	
20190601 000000 5.437e-05 5.605e-05 5.125e-05 5.147e-05	
20190531 000000 5.925e-05 5.973e-05 5.081e-05 5.437e-05	
20190530 000000 5.75e-05 6.159e-05 5.6e-05 5.925e-05	
20190529 000000 6.003e-05 6.079e-05 5.625e-05 5.749e-05	
20190528 000000 5.872e-05 6.078e-05 5.608e-05 5.999e-05	
20190527 000000 6.423e-05 6.538e-05 5.717e-05 5.865e-05	
20190526 000000 6.327e-05 6.726e-05 6.12e-05 6.423e-05	
20190525 000000 6.733e-05 7.1e-05 6.132e-05 6.336e-05	
20190524 000000 6.65e-05 7.412e-05 6.235e-05 6.738e-05	
20190523 000000 6.518e-05 6.891e-05 6.292e-05 6.62e-05	
20190522 000000 6.991e-05 7.067e-05 6.365e-05 6.511e-05	
20190521 000000 7.356e-05 7.619e-05 6.767e-05 6.986e-05	
20190520 000000 7.941e-05 8.115e-05 6.801e-05 7.352e-05	
20190519 000000 8.053e-05 8.778e-05 7.606e-05 7.941e-05	
20190518 000000 8.335e-05 9.617e-05 7.501e-05 8.044e-05	
20190517 000000 6.281e-05 9.5e-05 6e-05 8.335e-05	
20190516 000000 6.819e-05 6.954e-05 6.01e-05 6.281e-05	
20190515 000000 6.597e-05 7.249e-05 6.301e-05 6.805e-05	
20190514 000000 7.241e-05 7.446e-05 6.101e-05 6.594e-05	
20190513 000000 8.046e-05 9.168e-05 7.043e-05 7.373e-05	
