20190611 000000 2.53e-06 2.539e-06 2.364e-06 2.419e-06	
20190610 000000 2.7893e-06 2.8e-06 2.5201e-06 2.53e-06	
20190609 000000 2.1887e-06 2.8335e-06 2.1882e-06 2.786e-06	
20190608 000000 2.252e-06 2.35e-06 2.1887e-06 2.1887e-06	
20190607 000000 2.2125e-06 2.296e-06 2.144e-06 2.2646e-06	
20190606 000000 2.172e-06 2.2961e-06 2.13e-06 2.214e-06	
20190605 000000 2.04e-06 2.2141e-06 2.0114e-06 2.175e-06	
20190604 000000 1.993e-06 2.043e-06 1.9401e-06 2.04e-06	
20190603 000000 1.956e-06 2.054e-06 1.9438e-06 1.993e-06	
20190602 000000 1.979e-06 2.0352e-06 1.9234e-06 1.955e-06	
20190601 000000 1.991e-06 2.0709e-06 1.946e-06 1.979e-06	
20190531 000000 2.054e-06 2.059e-06 1.937e-06 1.99e-06	
20190530 000000 2.033e-06 2.112e-06 2.009e-06 2.054e-06	
20190529 000000 2.08e-06 2.1242e-06 2.004e-06 2.033e-06	
20190528 000000 2.114e-06 2.1192e-06 2.0236e-06 2.08e-06	
20190527 000000 2.212e-06 2.3691e-06 2.0385e-06 2.1039e-06	
20190526 000000 2.272e-06 2.443e-06 2.1641e-06 2.2114e-06	
20190525 000000 2.07e-06 2.3567e-06 2.01e-06 2.259e-06	
20190524 000000 2.03e-06 2.1641e-06 2.006e-06 2.071e-06	
20190523 000000 2.0604e-06 2.1402e-06 2.0001e-06 2.031e-06	
20190522 000000 2.087e-06 2.141e-06 1.9803e-06 2.0604e-06	
20190521 000000 2.045e-06 2.2108e-06 2.0096e-06 2.09e-06	
20190520 000000 2.108e-06 2.204e-06 1.9869e-06 2.049e-06	
20190519 000000 2.252e-06 2.255e-06 2.0954e-06 2.108e-06	
20190518 000000 2.2e-06 2.2985e-06 2.1e-06 2.252e-06	
20190517 000000 2.2899e-06 2.3353e-06 2.1e-06 2.194e-06	
20190516 000000 2.1892e-06 2.4899e-06 2.102e-06 2.288e-06	
20190515 000000 2.0574e-06 2.2428e-06 2e-06 2.1871e-06	
20190514 000000 2.0506e-06 2.168e-06 1.9477e-06 2.0574e-06	
20190513 000000 2.24e-06 2.3999e-06 2.0301e-06 2.0579e-06	
