20190611 000000 1.053e-05 1.073e-05 1.05e-05 1.069e-05	
20190610 000000 1.043e-05 1.067e-05 1.018e-05 1.052e-05	
20190609 000000 1.057e-05 1.061e-05 1.042e-05 1.044e-05	
20190608 000000 1.075e-05 1.083e-05 1.052e-05 1.056e-05	
20190607 000000 1.046e-05 1.085e-05 1.036e-05 1.075e-05	
20190606 000000 1.051e-05 1.068e-05 1.03e-05 1.047e-05	
20190605 000000 1.081e-05 1.084e-05 1.046e-05 1.051e-05	
20190604 000000 1.084e-05 1.12e-05 1.05e-05 1.082e-05	
20190603 000000 1.081e-05 1.131e-05 1.06e-05 1.085e-05	
20190602 000000 1.024e-05 1.117e-05 1.022e-05 1.081e-05	
20190601 000000 1.021e-05 1.057e-05 1.01e-05 1.023e-05	
20190531 000000 1.071e-05 1.078e-05 9.85e-06 1.022e-05	
20190530 000000 1.06e-05 1.109e-05 1.041e-05 1.072e-05	
20190529 000000 1.027e-05 1.071e-05 1.01e-05 1.06e-05	
20190528 000000 1.008e-05 1.053e-05 9.96e-06 1.028e-05	
20190527 000000 1.001e-05 1.031e-05 9.65e-06 1.008e-05	
20190526 000000 1.005e-05 1.02e-05 9.89e-06 1e-05	
20190525 000000 1.015e-05 1.029e-05 1.001e-05 1.005e-05	
20190524 000000 1.005e-05 1.044e-05 9.95e-06 1.015e-05	
20190523 000000 1.044e-05 1.049e-05 9.84e-06 1.005e-05	
20190522 000000 1.058e-05 1.077e-05 1.024e-05 1.044e-05	
20190521 000000 1.046e-05 1.103e-05 1.045e-05 1.058e-05	
20190520 000000 1.062e-05 1.08e-05 1.034e-05 1.046e-05	
20190519 000000 1.101e-05 1.112e-05 1.055e-05 1.061e-05	
20190518 000000 1.094e-05 1.148e-05 1.083e-05 1.102e-05	
20190517 000000 1.169e-05 1.177e-05 1.049e-05 1.094e-05	
20190516 000000 1.101e-05 1.213e-05 1.067e-05 1.169e-05	
20190515 000000 9.9e-06 1.104e-05 9.89e-06 1.101e-05	
20190514 000000 9.64e-06 1.024e-05 8.88e-06 9.9e-06	
20190513 000000 1.008e-05 1.037e-05 9.47e-06 9.63e-06	
