20190611 000000 2.048e-05 2.093e-05 2.015e-05 2.052e-05	
20190610 000000 1.975e-05 2.092e-05 1.96e-05 2.047e-05	
20190609 000000 2.03e-05 2.073e-05 1.96e-05 1.975e-05	
20190608 000000 1.963e-05 2.462e-05 1.949e-05 2.03e-05	
20190607 000000 1.92e-05 2.138e-05 1.884e-05 1.963e-05	
20190606 000000 1.907e-05 1.931e-05 1.898e-05 1.92e-05	
20190605 000000 1.924e-05 2e-05 1.894e-05 1.907e-05	
20190604 000000 1.982e-05 1.996e-05 1.872e-05 1.931e-05	
20190603 000000 1.981e-05 2.051e-05 1.964e-05 1.991e-05	
20190602 000000 1.999e-05 2.028e-05 1.958e-05 1.979e-05	
20190601 000000 2.011e-05 2.074e-05 1.991e-05 1.998e-05	
20190531 000000 2.01e-05 2.067e-05 1.968e-05 2.012e-05	
20190530 000000 2.018e-05 2.157e-05 1.977e-05 2.018e-05	
20190529 000000 2.041e-05 2.235e-05 1.977e-05 2.018e-05	
20190528 000000 1.902e-05 2.091e-05 1.898e-05 2.043e-05	
20190527 000000 2.12e-05 2.134e-05 1.878e-05 1.902e-05	
20190526 000000 1.996e-05 2.22e-05 1.99e-05 2.12e-05	
20190525 000000 1.956e-05 2.075e-05 1.917e-05 1.996e-05	
20190524 000000 2.027e-05 2.296e-05 1.951e-05 1.955e-05	
20190523 000000 1.929e-05 2.27e-05 1.87e-05 2.023e-05	
20190522 000000 1.826e-05 2e-05 1.814e-05 1.928e-05	
20190521 000000 1.772e-05 1.973e-05 1.716e-05 1.826e-05	
20190520 000000 1.842e-05 1.845e-05 1.725e-05 1.772e-05	
20190519 000000 1.915e-05 2.07e-05 1.826e-05 1.838e-05	
20190518 000000 1.819e-05 1.942e-05 1.815e-05 1.91e-05	
20190517 000000 1.818e-05 1.85e-05 1.763e-05 1.822e-05	
20190516 000000 1.767e-05 1.931e-05 1.701e-05 1.818e-05	
20190515 000000 1.598e-05 1.79e-05 1.598e-05 1.767e-05	
20190514 000000 1.624e-05 1.71e-05 1.549e-05 1.598e-05	
20190513 000000 1.801e-05 1.813e-05 1.614e-05 1.624e-05	
