20190611 000000 6.66e-05 7.055e-05 6.578e-05 6.644e-05	
20190610 000000 6.518e-05 7.332e-05 6.411e-05 6.662e-05	
20190609 000000 6.339e-05 6.677e-05 6.258e-05 6.519e-05	
20190608 000000 6.405e-05 6.56e-05 6.277e-05 6.335e-05	
20190607 000000 6.474e-05 6.615e-05 6.304e-05 6.386e-05	
20190606 000000 6.476e-05 6.61e-05 6.344e-05 6.476e-05	
20190605 000000 6.584e-05 6.847e-05 6.4e-05 6.485e-05	
20190604 000000 6.278e-05 6.61e-05 6.076e-05 6.603e-05	
20190603 000000 6.404e-05 6.483e-05 6.174e-05 6.341e-05	
20190602 000000 6.288e-05 6.434e-05 6.205e-05 6.41e-05	
20190601 000000 6.38e-05 6.592e-05 6.236e-05 6.296e-05	
20190531 000000 6.658e-05 6.778e-05 6.356e-05 6.389e-05	
20190530 000000 6.642e-05 6.931e-05 6.541e-05 6.657e-05	
20190529 000000 6.8e-05 6.97e-05 6.511e-05 6.643e-05	
20190528 000000 6.772e-05 7.111e-05 6.596e-05 6.803e-05	
20190527 000000 7.214e-05 7.22e-05 6.415e-05 6.772e-05	
20190526 000000 7.352e-05 7.638e-05 7.03e-05 7.229e-05	
20190525 000000 7.081e-05 7.491e-05 6.86e-05 7.349e-05	
20190524 000000 6.997e-05 7.329e-05 6.826e-05 7.074e-05	
20190523 000000 7.35e-05 7.36e-05 6.762e-05 7.005e-05	
20190522 000000 6.69e-05 7.498e-05 6.69e-05 7.35e-05	
20190521 000000 6.579e-05 6.858e-05 6.463e-05 6.688e-05	
20190520 000000 6.748e-05 6.806e-05 6.496e-05 6.578e-05	
20190519 000000 6.953e-05 6.969e-05 6.621e-05 6.745e-05	
20190518 000000 6.975e-05 7.184e-05 6.823e-05 6.947e-05	
20190517 000000 7.431e-05 8.019e-05 6.7e-05 6.967e-05	
20190516 000000 6.816e-05 8.115e-05 6.619e-05 7.535e-05	
20190515 000000 6.31e-05 6.953e-05 6.147e-05 6.809e-05	
20190514 000000 6.16e-05 6.511e-05 5.825e-05 6.282e-05	
20190513 000000 6.541e-05 7.182e-05 6.001e-05 6.139e-05	
