20190611 000000 7.282e-07 7.282e-07 6.645e-07 6.92e-07	
20190610 000000 7.214e-07 7.588e-07 6.405e-07 7.282e-07	
20190609 000000 7.92e-07 7.943e-07 6.988e-07 7.218e-07	
20190608 000000 6.728e-07 7.947e-07 6.3e-07 7.943e-07	
20190607 000000 6.493e-07 7.65e-07 6.388e-07 6.724e-07	
20190606 000000 5.562e-07 6.5e-07 5.467e-07 6.4e-07	
20190605 000000 5.723e-07 5.9e-07 5.193e-07 5.55e-07	
20190604 000000 6.225e-07 6.225e-07 5.57e-07 5.72e-07	
20190603 000000 6.686e-07 6.706e-07 5.975e-07 6.225e-07	
20190602 000000 5.482e-07 7.059e-07 5.481e-07 6.707e-07	
20190601 000000 5.657e-07 5.659e-07 5.358e-07 5.478e-07	
20190531 000000 5.71e-07 5.988e-07 5.488e-07 5.66e-07	
20190530 000000 5.6e-07 6.206e-07 5.43e-07 5.71e-07	
20190529 000000 5.76e-07 5.9e-07 5.37e-07 5.619e-07	
20190528 000000 5.541e-07 5.888e-07 5.359e-07 5.76e-07	
20190527 000000 6.112e-07 6.333e-07 5.279e-07 5.54e-07	
20190526 000000 6.134e-07 6.333e-07 6.003e-07 6.115e-07	
20190525 000000 6.117e-07 6.415e-07 6.048e-07 6.134e-07	
20190524 000000 6.123e-07 6.517e-07 6.008e-07 6.117e-07	
20190523 000000 6.28e-07 6.33e-07 6.004e-07 6.134e-07	
20190522 000000 6.42e-07 6.91e-07 5.946e-07 6.297e-07	
20190521 000000 6.31e-07 6.976e-07 6.261e-07 6.392e-07	
20190520 000000 6.768e-07 7.29e-07 6.131e-07 6.31e-07	
20190519 000000 6.94e-07 7.17e-07 6.55e-07 6.765e-07	
20190518 000000 7.176e-07 7.563e-07 6.6e-07 6.94e-07	
20190517 000000 7.23e-07 7.55e-07 6.474e-07 7.176e-07	
20190516 000000 6.39e-07 7.977e-07 6.001e-07 7.343e-07	
20190515 000000 5.57e-07 6.648e-07 5.25e-07 6.29e-07	
20190514 000000 6.012e-07 6.12e-07 5e-07 5.54e-07	
20190513 000000 6.494e-07 6.9e-07 5.789e-07 5.98e-07	
