20190611 000000 1.229e-05 1.36e-05 1.203e-05 1.238e-05	
20190610 000000 1.184e-05 1.255e-05 1.144e-05 1.229e-05	
20190609 000000 1.242e-05 1.298e-05 1.182e-05 1.184e-05	
20190608 000000 1.175e-05 1.276e-05 1.147e-05 1.238e-05	
20190607 000000 1.139e-05 1.214e-05 1.1e-05 1.176e-05	
20190606 000000 1.142e-05 1.159e-05 1.125e-05 1.14e-05	
20190605 000000 1.165e-05 1.165e-05 1.102e-05 1.141e-05	
20190604 000000 1.187e-05 1.196e-05 1.101e-05 1.161e-05	
20190603 000000 1.162e-05 1.3e-05 1.139e-05 1.189e-05	
20190602 000000 1.104e-05 1.186e-05 1.1e-05 1.163e-05	
20190601 000000 1.109e-05 1.148e-05 1.075e-05 1.101e-05	
20190531 000000 1.09e-05 1.142e-05 1.058e-05 1.108e-05	
20190530 000000 1.174e-05 1.193e-05 1.1e-05 1.104e-05	
20190529 000000 1.164e-05 1.202e-05 1.059e-05 1.174e-05	
20190528 000000 1.053e-05 1.21e-05 1.026e-05 1.167e-05	
20190527 000000 1.236e-05 1.326e-05 1.03e-05 1.053e-05	
20190526 000000 1.144e-05 1.387e-05 1.131e-05 1.236e-05	
20190525 000000 1.187e-05 1.231e-05 1.104e-05 1.144e-05	
20190524 000000 1.154e-05 1.694e-05 1.129e-05 1.187e-05	
20190523 000000 1.074e-05 1.182e-05 9.98e-06 1.153e-05	
20190522 000000 9.84e-06 1.111e-05 9.79e-06 1.075e-05	
20190521 000000 9.41e-06 1.032e-05 9.26e-06 9.84e-06	
20190520 000000 9.76e-06 9.83e-06 9.1e-06 9.41e-06	
20190519 000000 1.056e-05 1.233e-05 9.64e-06 9.77e-06	
20190518 000000 1.088e-05 1.091e-05 1.021e-05 1.057e-05	
20190517 000000 9.87e-06 1.212e-05 9.33e-06 1.088e-05	
20190516 000000 9.37e-06 1.013e-05 8.64e-06 9.87e-06	
20190515 000000 8.28e-06 9.63e-06 7.97e-06 9.35e-06	
20190514 000000 8.25e-06 9e-06 7.31e-06 8.26e-06	
20190513 000000 9.22e-06 9.43e-06 7.3e-06 8.23e-06	
