20190611 000000 1.248e-05 1.338e-05 1.236e-05 1.289e-05	
20190610 000000 1.241e-05 1.343e-05 1.224e-05 1.243e-05	
20190609 000000 1.306e-05 1.349e-05 1.235e-05 1.243e-05	
20190608 000000 1.365e-05 1.506e-05 1.303e-05 1.308e-05	
20190607 000000 1.05e-05 1.669e-05 1.045e-05 1.375e-05	
20190606 000000 1.033e-05 1.058e-05 1.024e-05 1.047e-05	
20190605 000000 1.05e-05 1.1e-05 1.022e-05 1.032e-05	
20190604 000000 1.029e-05 1.06e-05 1.015e-05 1.048e-05	
20190603 000000 1.062e-05 1.109e-05 1.011e-05 1.029e-05	
20190602 000000 1.022e-05 1.062e-05 9.86e-06 1.062e-05	
20190601 000000 1.004e-05 1.049e-05 9.77e-06 1.011e-05	
20190531 000000 9.96e-06 1.02e-05 9.58e-06 1.004e-05	
20190530 000000 9.94e-06 1.057e-05 9.91e-06 9.98e-06	
20190529 000000 1.029e-05 1.039e-05 9.87e-06 9.94e-06	
20190528 000000 9.69e-06 1.081e-05 9.64e-06 1.026e-05	
20190527 000000 1.004e-05 1.013e-05 9.23e-06 9.68e-06	
20190526 000000 1.003e-05 1.101e-05 9.93e-06 1.004e-05	
20190525 000000 1.019e-05 1.033e-05 9.93e-06 1.016e-05	
20190524 000000 1.04e-05 1.067e-05 1.009e-05 1.009e-05	
20190523 000000 1.069e-05 1.075e-05 1.006e-05 1.04e-05	
20190522 000000 1.005e-05 1.155e-05 9.9e-06 1.065e-05	
20190521 000000 9.65e-06 1.082e-05 9.46e-06 9.98e-06	
20190520 000000 9.66e-06 9.79e-06 9.46e-06 9.68e-06	
20190519 000000 1.045e-05 1.049e-05 9.6e-06 9.69e-06	
20190518 000000 1.037e-05 1.08e-05 1.006e-05 1.044e-05	
20190517 000000 1.075e-05 1.098e-05 1.022e-05 1.038e-05	
20190516 000000 1.053e-05 1.177e-05 1.038e-05 1.072e-05	
20190515 000000 9.63e-06 1.08e-05 9.55e-06 1.057e-05	
20190514 000000 1.003e-05 1.004e-05 9.29e-06 9.62e-06	
20190513 000000 1.043e-05 1.096e-05 1e-05 1.001e-05	
