20190611 000000 5.92e-06 6.21e-06 5.83e-06 6.11e-06	
20190610 000000 5.93e-06 6.03e-06 5.6e-06 5.91e-06	
20190609 000000 6.45e-06 6.53e-06 5.87e-06 6e-06	
20190608 000000 5.87e-06 6.87e-06 5.84e-06 6.54e-06	
20190607 000000 5.74e-06 5.92e-06 5.63e-06 5.86e-06	
20190606 000000 5.57e-06 5.92e-06 5.52e-06 5.74e-06	
20190605 000000 5.72e-06 5.88e-06 5.52e-06 5.57e-06	
20190604 000000 6.12e-06 6.12e-06 5.32e-06 5.65e-06	
20190603 000000 6.16e-06 6.67e-06 6.03e-06 6.03e-06	
20190602 000000 5.98e-06 6.4e-06 5.77e-06 6.16e-06	
20190601 000000 6.14e-06 6.2e-06 5.8e-06 5.97e-06	
20190531 000000 5.93e-06 6.46e-06 5.66e-06 6.06e-06	
20190530 000000 6.32e-06 6.56e-06 5.87e-06 5.92e-06	
20190529 000000 6.92e-06 7.43e-06 6.13e-06 6.33e-06	
20190528 000000 5.38e-06 7.55e-06 5.35e-06 6.91e-06	
20190527 000000 6.53e-06 6.89e-06 5.31e-06 5.39e-06	
20190526 000000 6.55e-06 6.77e-06 6.13e-06 6.51e-06	
20190525 000000 7.05e-06 7.27e-06 6.19e-06 6.55e-06	
20190524 000000 9.38e-06 1.086e-05 6.88e-06 7.05e-06	
20190523 000000 6.13e-06 1.069e-05 6.03e-06 9.39e-06	
20190522 000000 5.06e-06 7.95e-06 5.06e-06 6.14e-06	
20190521 000000 4.63e-06 5.78e-06 4.56e-06 5.03e-06	
20190520 000000 4.61e-06 5.36e-06 4.36e-06 4.54e-06	
20190519 000000 4.88e-06 4.99e-06 4.42e-06 4.57e-06	
20190518 000000 4.51e-06 4.91e-06 4.5e-06 4.87e-06	
20190517 000000 4.54e-06 4.79e-06 4.32e-06 4.59e-06	
20190516 000000 4.33e-06 4.89e-06 4.2e-06 4.49e-06	
20190515 000000 3.88e-06 4.54e-06 3.87e-06 4.34e-06	
20190514 000000 4.17e-06 4.25e-06 3.76e-06 3.87e-06	
20190513 000000 4.66e-06 4.84e-06 4.15e-06 4.17e-06	
