20190611 000000 0.00075064 0.00076963 0.00074317 0.0007484	
20190610 000000 0.00076249 0.00077408 0.00074716 0.00075068	
20190609 000000 0.00076905 0.00078767 0.000755 0.00076258	
20190608 000000 0.00081578 0.00081829 0.000762 0.00076821	
20190607 000000 0.00075516 0.00082667 0.0007534 0.00081632	
20190606 000000 0.0007445 0.00079862 0.00073552 0.00075467	
20190605 000000 0.00079641 0.00081458 0.00073938 0.00074559	
20190604 000000 0.00081169 0.00086408 0.00078367 0.00079772	
20190603 000000 0.00068245 0.00081999 0.00067362 0.00081171	
20190602 000000 0.0006753 0.00068816 0.00065283 0.00068245	
20190601 000000 0.00068182 0.00074075 0.00066477 0.00067493	
20190531 000000 0.00065929 0.00073303 0.00062612 0.00068005	
20190530 000000 0.00054381 0.00075629 0.0005406 0.00065795	
20190529 000000 0.00053133 0.00056056 0.00052678 0.00054366	
20190528 000000 0.00051667 0.000535 0.00051618 0.00053124	
20190527 000000 0.00053983 0.00054793 0.0005062 0.00051664	
20190526 000000 0.00055271 0.00055578 0.00053596 0.0005402	
20190525 000000 0.00057052 0.00059209 0.00055128 0.00055275	
20190524 000000 0.00055048 0.0005982 0.00053058 0.00057306	
20190523 000000 0.00056811 0.00058031 0.00054003 0.00055047	
20190522 000000 0.00058459 0.00060424 0.00056049 0.00056934	
20190521 000000 0.00060559 0.00061599 0.00057185 0.0005841	
20190520 000000 0.00062779 0.00064235 0.0005796 0.00060559	
20190519 000000 0.00067455 0.00068095 0.00060263 0.00062888	
20190518 000000 0.00061454 0.00067456 0.00059031 0.00067282	
20190517 000000 0.00053806 0.00065897 0.00052003 0.00061392	
20190516 000000 0.00053885 0.000622 0.00051398 0.00053745	
20190515 000000 0.00048933 0.00055 0.00048416 0.00053885	
20190514 000000 0.0005085 0.00054 0.00047228 0.00048972	
20190513 000000 0.00054951 0.0005917 0.00050409 0.00051027	
