20190611 000000 4.208e-05 4.232e-05 4.082e-05 4.149e-05	
20190610 000000 4.216e-05 4.256e-05 4.123e-05 4.202e-05	
20190609 000000 4.243e-05 4.37e-05 4.201e-05 4.224e-05	
20190608 000000 4.323e-05 4.391e-05 4.217e-05 4.239e-05	
20190607 000000 4.193e-05 4.327e-05 4.131e-05 4.323e-05	
20190606 000000 4.186e-05 4.28e-05 4.172e-05 4.193e-05	
20190605 000000 4.462e-05 4.487e-05 4.162e-05 4.183e-05	
20190604 000000 4.102e-05 4.475e-05 4.059e-05 4.47e-05	
20190603 000000 4.161e-05 4.186e-05 4.043e-05 4.096e-05	
20190602 000000 4.045e-05 4.246e-05 4.04e-05 4.163e-05	
20190601 000000 4.102e-05 4.141e-05 4.033e-05 4.044e-05	
20190531 000000 4.168e-05 4.224e-05 3.909e-05 4.102e-05	
20190530 000000 4.158e-05 4.369e-05 4.123e-05 4.172e-05	
20190529 000000 4.201e-05 4.269e-05 4.077e-05 4.175e-05	
20190528 000000 4.213e-05 4.357e-05 4.158e-05 4.201e-05	
20190527 000000 4.344e-05 4.439e-05 4.002e-05 4.216e-05	
20190526 000000 4.328e-05 4.491e-05 4.3e-05 4.348e-05	
20190525 000000 4.317e-05 4.474e-05 4.228e-05 4.324e-05	
20190524 000000 4.371e-05 4.574e-05 4.308e-05 4.316e-05	
20190523 000000 4.556e-05 4.586e-05 4.279e-05 4.371e-05	
20190522 000000 4.692e-05 4.722e-05 4.544e-05 4.556e-05	
20190521 000000 4.631e-05 4.794e-05 4.408e-05 4.694e-05	
20190520 000000 4.832e-05 4.902e-05 4.563e-05 4.623e-05	
20190519 000000 5.249e-05 5.362e-05 4.79e-05 4.828e-05	
20190518 000000 4.892e-05 5.51e-05 4.875e-05 5.25e-05	
20190517 000000 4.896e-05 5.005e-05 4.695e-05 4.892e-05	
20190516 000000 4.885e-05 5.177e-05 4.61e-05 4.887e-05	
20190515 000000 4.477e-05 4.995e-05 4.432e-05 4.882e-05	
20190514 000000 4.598e-05 4.725e-05 4.328e-05 4.476e-05	
20190513 000000 4.97e-05 5.266e-05 4.583e-05 4.598e-05	
