20190611 000000 0.000621 0.000633 0.000612 0.000625	
20190610 000000 0.000638 0.000644 0.000606 0.000621	
20190609 000000 0.000613 0.000643 0.000611 0.000636	
20190608 000000 0.000614 0.00064 0.000608 0.000613	
20190607 000000 0.000627 0.00063 0.000609 0.000615	
20190606 000000 0.000601 0.000656 0.0006 0.000628	
20190605 000000 0.000637 0.00064 0.000596 0.000602	
20190604 000000 0.000622 0.000688 0.00061 0.000631	
20190603 000000 0.000616 0.000638 0.0006 0.000618	
20190602 000000 0.000645 0.000645 0.000602 0.000613	
20190601 000000 0.00066 0.000681 0.000629 0.000648	
20190531 000000 0.000679 0.000683 0.00063 0.000657	
20190530 000000 0.000634 0.000833 0.000601 0.000679	
20190529 000000 0.000609 0.00066 0.000575 0.000637	
20190528 000000 0.000596 0.00062 0.000573 0.000609	
20190527 000000 0.000638 0.000639 0.00056 0.000597	
20190526 000000 0.00063 0.000654 0.00061 0.000639	
20190525 000000 0.000649 0.000678 0.00061 0.000633	
20190524 000000 0.000683 0.000799 0.00058 0.000649	
20190523 000000 0.000587 0.00078 0.00055 0.000686	
20190522 000000 0.000605 0.00063 0.00056 0.000591	
20190521 000000 0.000566 0.000657 0.000531 0.00061	
20190520 000000 0.00066 0.00066 0.000539 0.00057	
20190519 000000 0.000705 0.000793 0.000598 0.000664	
20190518 000000 0.000751 0.000751 0.000673 0.000705	
20190517 000000 0.000717 0.0008 0.000707 0.000751	
20190516 000000 0.0007 0.000785 0.000652 0.000717	
20190515 000000 0.000653 0.000742 0.00063 0.000699	
20190514 000000 0.000716 0.000716 0.00063 0.000652	
20190513 000000 0.000813 0.000813 0.000711 0.000716	
