20190611 000000 0.049385 0.049495 0.048823 0.048942	
20190610 000000 0.049536 0.050363 0.048894 0.049372	
20190609 000000 0.049976 0.050491 0.049427 0.049545	
20190608 000000 0.049893 0.050704 0.049419 0.049954	
20190607 000000 0.05014 0.051055 0.049229 0.0499	
20190606 000000 0.050511 0.051453 0.049827 0.050141	
20190605 000000 0.049632 0.052961 0.048305 0.050534	
20190604 000000 0.049998 0.050411 0.0484 0.049524	
20190603 000000 0.050609 0.051592 0.049861 0.050035	
20190602 000000 0.05091 0.051524 0.050191 0.050634	
20190601 000000 0.05126 0.052339 0.050535 0.050931	
20190531 000000 0.052949 0.052972 0.05003 0.051252	
20190530 000000 0.053406 0.055401 0.052249 0.052952	
20190529 000000 0.049729 0.053476 0.049376 0.053406	
20190528 000000 0.049812 0.05142 0.04847 0.049739	
20190527 000000 0.050561 0.051343 0.048685 0.049847	
20190526 000000 0.050665 0.0509 0.049389 0.050491	
20190525 000000 0.05156 0.051886 0.050514 0.050665	
20190524 000000 0.05076 0.052553 0.050044 0.05156	
20190523 000000 0.052086 0.052464 0.049068 0.050778	
20190522 000000 0.052485 0.05306 0.0513 0.052115	
20190521 000000 0.051774 0.05604 0.05102 0.052487	
20190520 000000 0.051711 0.053319 0.049879 0.051774	
20190519 000000 0.049035 0.052 0.048902 0.051702	
20190518 000000 0.048874 0.050872 0.04816 0.049045	
20190517 000000 0.052248 0.053505 0.048119 0.048883	
20190516 000000 0.047947 0.054294 0.047896 0.052297	
20190515 000000 0.047581 0.049387 0.046425 0.047918	
20190514 000000 0.049842 0.051271 0.047429 0.047563	
20190513 000000 0.050029 0.051874 0.048018 0.049842	
