20190611 000000 1.73e-06 1.736e-06 1.587e-06 1.657e-06	
20190610 000000 1.9769e-06 2.015e-06 1.6061e-06 1.73e-06	
20190609 000000 1.705e-06 2.2e-06 1.6963e-06 1.968e-06	
20190608 000000 1.678e-06 1.738e-06 1.587e-06 1.707e-06	
20190607 000000 1.701e-06 1.7075e-06 1.6e-06 1.677e-06	
20190606 000000 1.677e-06 1.743e-06 1.562e-06 1.7028e-06	
20190605 000000 1.853e-06 1.86e-06 1.6e-06 1.677e-06	
20190604 000000 1.443e-06 1.9e-06 1.441e-06 1.86e-06	
20190603 000000 1.459e-06 1.459e-06 1.363e-06 1.441e-06	
20190602 000000 1.382e-06 1.5953e-06 1.32e-06 1.46e-06	
20190601 000000 1.415e-06 1.415e-06 1.32e-06 1.3989e-06	
20190531 000000 1.38e-06 1.8171e-06 1.2254e-06 1.411e-06	
20190530 000000 1.496e-06 1.5197e-06 1.1818e-06 1.38e-06	
20190529 000000 1.6e-06 1.666e-06 1.4e-06 1.493e-06	
20190528 000000 1.436e-06 2.2799e-06 1.436e-06 1.599e-06	
20190527 000000 1.59e-06 1.6e-06 1.3313e-06 1.436e-06	
20190526 000000 1.607e-06 1.6398e-06 1.552e-06 1.59e-06	
20190525 000000 1.658e-06 1.6969e-06 1.5432e-06 1.609e-06	
20190524 000000 1.905e-06 1.924e-06 1.53e-06 1.662e-06	
20190523 000000 1.4582e-06 3.3605e-06 1.455e-06 1.914e-06	
20190522 000000 1.595e-06 1.65e-06 1.4582e-06 1.4582e-06	
20190521 000000 1.839e-06 1.88e-06 1.5337e-06 1.595e-06	
20190520 000000 2.368e-06 2.38e-06 1.775e-06 1.839e-06	
20190519 000000 2.583e-06 2.6535e-06 2.3006e-06 2.367e-06	
20190518 000000 2.714e-06 2.7833e-06 2.5e-06 2.583e-06	
20190517 000000 2.427e-06 2.8e-06 2.3965e-06 2.714e-06	
20190516 000000 2.408e-06 2.4999e-06 2.2888e-06 2.427e-06	
20190515 000000 2.367e-06 2.4978e-06 2.3e-06 2.408e-06	
20190514 000000 2.55e-06 2.597e-06 2.0116e-06 2.3712e-06	
20190513 000000 2.565e-06 2.7377e-06 2.4131e-06 2.556e-06	
