20190611 000000 3.87e-06 3.99e-06 3.83e-06 3.94e-06	
20190610 000000 4.05e-06 4.28e-06 3.7e-06 3.87e-06	
20190609 000000 4.35e-06 4.95e-06 3.8e-06 4.05e-06	
20190608 000000 3.78e-06 4.58e-06 3.44e-06 4.3e-06	
20190607 000000 3.91e-06 3.96e-06 3.59e-06 3.77e-06	
20190606 000000 3.7e-06 3.92e-06 3.65e-06 3.91e-06	
20190605 000000 3.78e-06 3.87e-06 3.57e-06 3.72e-06	
20190604 000000 3.83e-06 3.98e-06 3.64e-06 3.78e-06	
20190603 000000 3.76e-06 4.07e-06 3.6e-06 3.84e-06	
20190602 000000 3.51e-06 3.83e-06 3.5e-06 3.75e-06	
20190601 000000 3.66e-06 3.68e-06 3.5e-06 3.51e-06	
20190531 000000 3.63e-06 3.81e-06 3.46e-06 3.66e-06	
20190530 000000 3.63e-06 3.68e-06 3.52e-06 3.63e-06	
20190529 000000 3.66e-06 3.92e-06 3.49e-06 3.63e-06	
20190528 000000 3.71e-06 3.96e-06 3.47e-06 3.66e-06	
20190527 000000 3.93e-06 3.94e-06 3.36e-06 3.71e-06	
20190526 000000 3.97e-06 3.99e-06 3.88e-06 3.91e-06	
20190525 000000 3.93e-06 4.08e-06 3.91e-06 3.97e-06	
20190524 000000 3.97e-06 4.03e-06 3.9e-06 3.93e-06	
20190523 000000 4e-06 4.08e-06 3.9e-06 3.97e-06	
20190522 000000 4.3e-06 4.33e-06 3.69e-06 3.97e-06	
20190521 000000 4.09e-06 4.35e-06 4.06e-06 4.3e-06	
20190520 000000 4.11e-06 4.13e-06 4.01e-06 4.06e-06	
20190519 000000 4.32e-06 4.33e-06 4.1e-06 4.11e-06	
20190518 000000 4.02e-06 4.36e-06 3.84e-06 4.31e-06	
20190517 000000 3.88e-06 4.14e-06 3.84e-06 4.02e-06	
20190516 000000 3.7e-06 4.2e-06 3.69e-06 3.88e-06	
20190515 000000 3.57e-06 3.8e-06 3.46e-06 3.7e-06	
20190514 000000 3.83e-06 3.83e-06 3.49e-06 3.57e-06	
20190513 000000 4.36e-06 4.37e-06 3.79e-06 3.81e-06	
