20190611 000000 3.343e-05 3.657e-05 3.324e-05 3.615e-05	
20190610 000000 3.212e-05 3.41e-05 3.18e-05 3.345e-05	
20190609 000000 3.263e-05 3.291e-05 3.18e-05 3.21e-05	
20190608 000000 3.232e-05 3.324e-05 3.2e-05 3.262e-05	
20190607 000000 3.309e-05 3.331e-05 3.127e-05 3.24e-05	
20190606 000000 3.33e-05 3.4e-05 3.241e-05 3.313e-05	
20190605 000000 3.306e-05 3.411e-05 3.251e-05 3.33e-05	
20190604 000000 3.292e-05 3.336e-05 3.2e-05 3.316e-05	
20190603 000000 3.384e-05 3.434e-05 3.227e-05 3.289e-05	
20190602 000000 3.508e-05 3.516e-05 3.342e-05 3.384e-05	
20190601 000000 3.618e-05 3.648e-05 3.473e-05 3.509e-05	
20190531 000000 3.762e-05 3.857e-05 3.545e-05 3.621e-05	
20190530 000000 3.764e-05 3.848e-05 3.681e-05 3.764e-05	
20190529 000000 3.892e-05 4.1e-05 3.757e-05 3.763e-05	
20190528 000000 3.929e-05 4.043e-05 3.832e-05 3.892e-05	
20190527 000000 4.285e-05 4.296e-05 3.868e-05 3.91e-05	
20190526 000000 4.54e-05 4.606e-05 4.152e-05 4.285e-05	
20190525 000000 4.45e-05 4.804e-05 4.297e-05 4.537e-05	
20190524 000000 4.241e-05 4.863e-05 4.228e-05 4.451e-05	
20190523 000000 4.063e-05 4.466e-05 3.985e-05 4.241e-05	
20190522 000000 4.172e-05 4.3e-05 3.982e-05 4.039e-05	
20190521 000000 4.242e-05 4.422e-05 3.951e-05 4.168e-05	
20190520 000000 4.057e-05 4.5e-05 3.821e-05 4.231e-05	
20190519 000000 4.116e-05 4.256e-05 3.875e-05 4.054e-05	
20190518 000000 3.958e-05 4.342e-05 3.899e-05 4.114e-05	
20190517 000000 4.011e-05 4.133e-05 3.7e-05 3.944e-05	
20190516 000000 3.988e-05 4.292e-05 3.875e-05 4.001e-05	
20190515 000000 3.816e-05 4.4e-05 3.776e-05 3.988e-05	
20190514 000000 3.716e-05 4.05e-05 3.38e-05 3.802e-05	
20190513 000000 3.856e-05 4.08e-05 3.696e-05 3.7e-05	
