20190611 000000 1.14e-07 1.209e-07 1.14e-07 1.17e-07	
20190610 000000 1.21e-07 1.24e-07 1.082e-07 1.14e-07	
20190609 000000 1.296e-07 1.296e-07 1.172e-07 1.21e-07	
20190608 000000 1.28e-07 1.305e-07 1.216e-07 1.296e-07	
20190607 000000 1.189e-07 1.339e-07 1.18e-07 1.28e-07	
20190606 000000 1.05e-07 1.189e-07 1.04e-07 1.189e-07	
20190605 000000 1.03e-07 1.1e-07 1.009e-07 1.05e-07	
20190604 000000 1.07e-07 1.08e-07 9.6e-08 1.04e-07	
20190603 000000 1.13e-07 1.137e-07 1.045e-07 1.07e-07	
20190602 000000 1.16e-07 1.165e-07 1.094e-07 1.13e-07	
20190601 000000 1.16e-07 1.17e-07 1.14e-07 1.16e-07	
20190531 000000 1.206e-07 1.227e-07 1.125e-07 1.16e-07	
20190530 000000 1.299e-07 1.3e-07 1.2e-07 1.206e-07	
20190529 000000 1.3e-07 1.314e-07 1.248e-07 1.299e-07	
20190528 000000 1.2e-07 1.35e-07 1.18e-07 1.29e-07	
20190527 000000 1.26e-07 1.27e-07 1.15e-07 1.2e-07	
20190526 000000 1.329e-07 1.33e-07 1.222e-07 1.26e-07	
20190525 000000 1.22e-07 1.385e-07 1.184e-07 1.32e-07	
20190524 000000 1.24e-07 1.267e-07 1.203e-07 1.213e-07	
20190523 000000 1.24e-07 1.29e-07 1.176e-07 1.25e-07	
20190522 000000 1.28e-07 1.305e-07 1.178e-07 1.23e-07	
20190521 000000 1.27e-07 1.322e-07 1.205e-07 1.28e-07	
20190520 000000 1.28e-07 1.346e-07 1.174e-07 1.27e-07	
20190519 000000 1.37e-07 1.442e-07 1.22e-07 1.28e-07	
20190518 000000 1.48e-07 1.499e-07 1.302e-07 1.37e-07	
20190517 000000 1.32e-07 1.499e-07 1.253e-07 1.499e-07	
20190516 000000 1.33e-07 1.498e-07 1.253e-07 1.32e-07	
20190515 000000 1.25e-07 1.39e-07 1.18e-07 1.33e-07	
20190514 000000 1.379e-07 1.675e-07 1.127e-07 1.25e-07	
20190513 000000 1.37e-07 1.618e-07 1.35e-07 1.38e-07	
