20190611 000000 8.13e-06 8.31e-06 7.89e-06 7.95e-06	
20190610 000000 7.89e-06 8.45e-06 7.62e-06 8.13e-06	
20190609 000000 8.03e-06 8.13e-06 7.74e-06 7.89e-06	
20190608 000000 8.22e-06 8.7e-06 7.95e-06 8.04e-06	
20190607 000000 7.69e-06 8.57e-06 7.47e-06 8.22e-06	
20190606 000000 7.27e-06 7.73e-06 7.26e-06 7.7e-06	
20190605 000000 7.56e-06 7.62e-06 7.25e-06 7.27e-06	
20190604 000000 7.63e-06 7.82e-06 7.19e-06 7.56e-06	
20190603 000000 7.33e-06 7.98e-06 7.2e-06 7.62e-06	
20190602 000000 7.32e-06 7.56e-06 7.22e-06 7.33e-06	
20190601 000000 7.35e-06 7.64e-06 7.28e-06 7.33e-06	
20190531 000000 7.29e-06 7.51e-06 6.92e-06 7.35e-06	
20190530 000000 7.29e-06 7.68e-06 7.2e-06 7.28e-06	
20190529 000000 7.51e-06 7.63e-06 7.13e-06 7.29e-06	
20190528 000000 7.41e-06 8.18e-06 7.25e-06 7.49e-06	
20190527 000000 8e-06 8.16e-06 7.08e-06 7.41e-06	
20190526 000000 7.98e-06 8.27e-06 7.73e-06 8e-06	
20190525 000000 8.3e-06 8.6e-06 7.88e-06 7.99e-06	
20190524 000000 8.44e-06 9e-06 8.28e-06 8.32e-06	
20190523 000000 8.36e-06 8.8e-06 7.85e-06 8.42e-06	
20190522 000000 7.72e-06 8.4e-06 7.67e-06 8.32e-06	
20190521 000000 7.62e-06 8.43e-06 7.6e-06 7.72e-06	
20190520 000000 7.92e-06 8e-06 7.41e-06 7.65e-06	
20190519 000000 7.54e-06 8.78e-06 7.03e-06 7.92e-06	
20190518 000000 7.73e-06 7.8e-06 7.35e-06 7.53e-06	
20190517 000000 7.93e-06 7.97e-06 7.14e-06 7.73e-06	
20190516 000000 7.45e-06 9.42e-06 7.19e-06 7.93e-06	
20190515 000000 6.59e-06 7.78e-06 6.52e-06 7.46e-06	
20190514 000000 6.86e-06 7.49e-06 5.92e-06 6.59e-06	
20190513 000000 6.93e-06 7.84e-06 6.51e-06 6.86e-06	
