20190611 000000 7.81e-07 7.907e-07 7.401e-07 7.696e-07	
20190610 000000 8.171e-07 8.26e-07 7.412e-07 7.81e-07	
20190609 000000 8.032e-07 1.04e-06 7.691e-07 8.171e-07	
20190608 000000 9.129e-07 9.176e-07 7.419e-07 8.032e-07	
20190607 000000 8.823e-07 9.327e-07 8.69e-07 9.15e-07	
20190606 000000 8.81e-07 9.325e-07 8.739e-07 8.821e-07	
20190605 000000 8.64e-07 9.011e-07 8.622e-07 8.81e-07	
20190604 000000 9.08e-07 9.1e-07 8.5e-07 8.64e-07	
20190603 000000 8.67e-07 9.758e-07 8.611e-07 9.08e-07	
20190602 000000 8.89e-07 9.001e-07 8.622e-07 8.705e-07	
20190601 000000 9.03e-07 9.239e-07 8.781e-07 8.9e-07	
20190531 000000 9.14e-07 9.229e-07 8.691e-07 9.01e-07	
20190530 000000 8.92e-07 9.25e-07 8.793e-07 9.14e-07	
20190529 000000 8.893e-07 9.2e-07 8.682e-07 8.91e-07	
20190528 000000 8.41e-07 9.21e-07 8.403e-07 8.893e-07	
20190527 000000 8.755e-07 8.755e-07 8.322e-07 8.49e-07	
20190526 000000 8.86e-07 8.883e-07 8.506e-07 8.755e-07	
20190525 000000 9.133e-07 9.177e-07 8.735e-07 8.859e-07	
20190524 000000 8.415e-07 9.766e-07 8.291e-07 9.135e-07	
20190523 000000 8.313e-07 8.78e-07 8.183e-07 8.415e-07	
20190522 000000 8.621e-07 8.778e-07 8.184e-07 8.316e-07	
20190521 000000 9.05e-07 1.089e-06 7.816e-07 8.622e-07	
20190520 000000 8.429e-07 9.169e-07 8.067e-07 9.05e-07	
20190519 000000 8.042e-07 8.75e-07 7.94e-07 8.429e-07	
20190518 000000 8.15e-07 8.37e-07 7.94e-07 8.042e-07	
20190517 000000 8.96e-07 9.22e-07 8.025e-07 8.16e-07	
20190516 000000 7.55e-07 9.24e-07 7.437e-07 8.94e-07	
20190515 000000 6.85e-07 7.561e-07 6.636e-07 7.55e-07	
20190514 000000 7.37e-07 7.947e-07 6.473e-07 6.86e-07	
20190513 000000 8.03e-07 8.225e-07 7.296e-07 7.38e-07	
