20190611 000000 0.023798 0.024153 0.023362 0.023675	
20190610 000000 0.024757 0.024777 0.02349 0.023764	
20190609 000000 0.024265 0.025193 0.023957 0.024749	
20190608 000000 0.025348 0.025855 0.023798 0.024272	
20190607 000000 0.024487 0.02644 0.023062 0.025341	
20190606 000000 0.026874 0.02788 0.024355 0.024486	
20190605 000000 0.028642 0.030098 0.026298 0.026836	
20190604 000000 0.025368 0.029281 0.0251 0.028638	
20190603 000000 0.021694 0.02655 0.021422 0.025354	
20190602 000000 0.022317 0.022651 0.021446 0.021676	
20190601 000000 0.021796 0.022953 0.021636 0.022319	
20190531 000000 0.023188 0.024169 0.021133 0.021792	
20190530 000000 0.021595 0.029 0.019953 0.023172	
20190529 000000 0.013838 0.022623 0.013447 0.021642	
20190528 000000 0.013479 0.014499 0.012683 0.013838	
20190527 000000 0.013212 0.014 0.011765 0.013488	
20190526 000000 0.011227 0.014667 0.011164 0.013239	
20190525 000000 0.012302 0.01253 0.010677 0.011226	
20190524 000000 0.013051 0.013139 0.01219 0.012319	
20190523 000000 0.012715 0.014373 0.012561 0.013049	
20190522 000000 0.012657 0.015177 0.011641 0.012741	
20190521 000000 0.007928 0.022853 0.007756 0.012627	
20190520 000000 0.008005 0.008212 0.007805 0.00793	
20190519 000000 0.008245 0.00835 0.007927 0.008005	
20190518 000000 0.00811 0.008397 0.007968 0.008243	
20190517 000000 0.008459 0.008603 0.007757 0.008101	
20190516 000000 0.00873 0.009146 0.00815 0.00846	
20190515 000000 0.00748 0.009012 0.007391 0.008709	
20190514 000000 0.007845 0.008033 0.007305 0.00748	
20190513 000000 0.008174 0.008459 0.007612 0.007845	
