20190611 000000 0.003246 0.003364 0.003189 0.0032	
20190610 000000 0.003183 0.003449 0.003161 0.003247	
20190609 000000 0.00325 0.003313 0.003192 0.003211	
20190608 000000 0.003309 0.003402 0.00325 0.00325	
20190607 000000 0.003235 0.003449 0.003221 0.00331	
20190606 000000 0.003263 0.003294 0.003211 0.003219	
20190605 000000 0.003346 0.003364 0.003222 0.003263	
20190604 000000 0.003313 0.003402 0.003262 0.00332	
20190603 000000 0.003357 0.003496 0.003292 0.003298	
20190602 000000 0.003323 0.003363 0.003271 0.003337	
20190601 000000 0.003294 0.003446 0.00327 0.003304	
20190531 000000 0.003262 0.003396 0.003183 0.003307	
20190530 000000 0.003013 0.003673 0.002954 0.003274	
20190529 000000 0.002785 0.003087 0.002771 0.003016	
20190528 000000 0.002845 0.002864 0.002767 0.002785	
20190527 000000 0.002878 0.002901 0.002743 0.00284	
20190526 000000 0.002809 0.00297 0.002805 0.002889	
20190525 000000 0.002902 0.002922 0.002813 0.00282	
20190524 000000 0.00292 0.002979 0.002882 0.002913	
20190523 000000 0.003015 0.003037 0.002871 0.00293	
20190522 000000 0.00295 0.003119 0.002812 0.003009	
20190521 000000 0.002723 0.003176 0.002699 0.002978	
20190520 000000 0.00277 0.002799 0.002712 0.002736	
20190519 000000 0.002866 0.002879 0.002722 0.00276	
20190518 000000 0.002927 0.002956 0.002864 0.002864	
20190517 000000 0.002956 0.003027 0.002859 0.002921	
20190516 000000 0.002975 0.00329 0.002885 0.002953	
20190515 000000 0.002871 0.00313 0.002801 0.002978	
20190514 000000 0.003016 0.003016 0.00281 0.002869	
20190513 000000 0.003158 0.00321 0.002981 0.003008	
