20190611 000000 1.739e-05 1.81e-05 1.721e-05 1.759e-05	
20190610 000000 1.644e-05 1.9e-05 1.63e-05 1.741e-05	
20190609 000000 1.692e-05 1.777e-05 1.636e-05 1.641e-05	
20190608 000000 1.722e-05 1.743e-05 1.674e-05 1.684e-05	
20190607 000000 1.713e-05 1.79e-05 1.701e-05 1.721e-05	
20190606 000000 1.801e-05 1.898e-05 1.695e-05 1.709e-05	
20190605 000000 1.767e-05 1.936e-05 1.679e-05 1.801e-05	
20190604 000000 1.498e-05 1.815e-05 1.451e-05 1.775e-05	
20190603 000000 1.519e-05 1.527e-05 1.469e-05 1.499e-05	
20190602 000000 1.532e-05 1.59e-05 1.518e-05 1.521e-05	
20190601 000000 1.512e-05 1.673e-05 1.494e-05 1.53e-05	
20190531 000000 1.55e-05 1.566e-05 1.484e-05 1.512e-05	
20190530 000000 1.541e-05 1.593e-05 1.496e-05 1.554e-05	
20190529 000000 1.446e-05 1.602e-05 1.419e-05 1.534e-05	
20190528 000000 1.454e-05 1.506e-05 1.405e-05 1.444e-05	
20190527 000000 1.478e-05 1.496e-05 1.403e-05 1.457e-05	
20190526 000000 1.498e-05 1.508e-05 1.466e-05 1.474e-05	
20190525 000000 1.479e-05 1.567e-05 1.474e-05 1.497e-05	
20190524 000000 1.468e-05 1.52e-05 1.453e-05 1.482e-05	
20190523 000000 1.504e-05 1.528e-05 1.443e-05 1.474e-05	
20190522 000000 1.483e-05 1.534e-05 1.478e-05 1.502e-05	
20190521 000000 1.505e-05 1.548e-05 1.466e-05 1.48e-05	
20190520 000000 1.537e-05 1.569e-05 1.473e-05 1.502e-05	
20190519 000000 1.586e-05 1.617e-05 1.513e-05 1.534e-05	
20190518 000000 1.605e-05 1.654e-05 1.568e-05 1.586e-05	
20190517 000000 1.746e-05 1.783e-05 1.55e-05 1.605e-05	
20190516 000000 1.652e-05 1.962e-05 1.543e-05 1.757e-05	
20190515 000000 1.386e-05 1.7e-05 1.378e-05 1.653e-05	
20190514 000000 1.368e-05 1.419e-05 1.295e-05 1.386e-05	
20190513 000000 1.427e-05 1.471e-05 1.355e-05 1.363e-05	
