20190611 000000 7.76e-06 7.79e-06 7.58e-06 7.73e-06	
20190610 000000 7.82e-06 8.15e-06 7.65e-06 7.75e-06	
20190609 000000 7.91e-06 7.98e-06 7.79e-06 7.83e-06	
20190608 000000 7.91e-06 8.01e-06 7.86e-06 7.91e-06	
20190607 000000 7.75e-06 8.02e-06 7.72e-06 7.91e-06	
20190606 000000 7.56e-06 7.82e-06 7.55e-06 7.74e-06	
20190605 000000 7.73e-06 7.78e-06 7.49e-06 7.56e-06	
20190604 000000 7.74e-06 7.8e-06 7.56e-06 7.73e-06	
20190603 000000 7.92e-06 7.96e-06 7.69e-06 7.74e-06	
20190602 000000 8.01e-06 8.11e-06 7.89e-06 7.91e-06	
20190601 000000 8.01e-06 8.28e-06 7.94e-06 8.01e-06	
20190531 000000 8.05e-06 8.15e-06 7.7e-06 7.99e-06	
20190530 000000 8.09e-06 8.31e-06 7.95e-06 8.09e-06	
20190529 000000 8.03e-06 8.13e-06 7.8e-06 8.09e-06	
20190528 000000 8.02e-06 8.21e-06 7.93e-06 8.03e-06	
20190527 000000 8.11e-06 8.13e-06 7.87e-06 7.98e-06	
20190526 000000 8.22e-06 8.27e-06 8e-06 8.1e-06	
20190525 000000 8.03e-06 8.48e-06 7.98e-06 8.22e-06	
20190524 000000 8.02e-06 8.17e-06 7.9e-06 8.04e-06	
20190523 000000 8.29e-06 8.47e-06 7.93e-06 8.02e-06	
20190522 000000 8.28e-06 8.38e-06 8.12e-06 8.28e-06	
20190521 000000 8.27e-06 8.43e-06 8.17e-06 8.28e-06	
20190520 000000 8.47e-06 8.59e-06 8.16e-06 8.25e-06	
20190519 000000 8.7e-06 8.81e-06 8.44e-06 8.47e-06	
20190518 000000 8.65e-06 9.11e-06 8.58e-06 8.75e-06	
20190517 000000 9.44e-06 9.44e-06 8.42e-06 8.65e-06	
20190516 000000 8.05e-06 9.66e-06 8.03e-06 9.41e-06	
20190515 000000 7.38e-06 8.14e-06 7.35e-06 8.06e-06	
20190514 000000 7.4e-06 7.69e-06 7.01e-06 7.42e-06	
20190513 000000 7.78e-06 7.81e-06 7.32e-06 7.39e-06	
