20190611 000000 1.541e-07 1.558e-07 1.498e-07 1.506e-07	
20190610 000000 1.591e-07 1.598e-07 1.5e-07 1.54e-07	
20190609 000000 1.624e-07 1.639e-07 1.59e-07 1.591e-07	
20190608 000000 1.67e-07 1.69e-07 1.608e-07 1.625e-07	
20190607 000000 1.607e-07 1.685e-07 1.596e-07 1.67e-07	
20190606 000000 1.623e-07 1.703e-07 1.6e-07 1.607e-07	
20190605 000000 1.75e-07 1.764e-07 1.615e-07 1.626e-07	
20190604 000000 1.819e-07 1.864e-07 1.674e-07 1.75e-07	
20190603 000000 1.92e-07 1.92e-07 1.79e-07 1.82e-07	
20190602 000000 1.95e-07 2.017e-07 1.895e-07 1.92e-07	
20190601 000000 1.792e-07 2e-07 1.768e-07 1.95e-07	
20190531 000000 1.897e-07 1.94e-07 1.637e-07 1.792e-07	
20190530 000000 1.98e-07 1.999e-07 1.888e-07 1.899e-07	
20190529 000000 1.959e-07 2.086e-07 1.895e-07 1.98e-07	
20190528 000000 1.82e-07 2.127e-07 1.715e-07 1.959e-07	
20190527 000000 1.68e-07 1.904e-07 1.503e-07 1.826e-07	
20190526 000000 1.53e-07 1.758e-07 1.482e-07 1.68e-07	
20190525 000000 1.599e-07 1.62e-07 1.516e-07 1.53e-07	
20190524 000000 1.498e-07 1.703e-07 1.498e-07 1.6e-07	
20190523 000000 1.42e-07 1.536e-07 1.342e-07 1.5e-07	
20190522 000000 1.56e-07 1.619e-07 1.396e-07 1.42e-07	
20190521 000000 1.28e-07 1.703e-07 1.273e-07 1.559e-07	
20190520 000000 1.36e-07 1.398e-07 1.251e-07 1.28e-07	
20190519 000000 1.42e-07 1.56e-07 1.247e-07 1.365e-07	
20190518 000000 1.11e-07 1.555e-07 1.11e-07 1.42e-07	
20190517 000000 1.111e-07 1.179e-07 1.066e-07 1.114e-07	
20190516 000000 1.042e-07 1.198e-07 1.015e-07 1.111e-07	
20190515 000000 1.012e-07 1.067e-07 9.87e-08 1.043e-07	
20190514 000000 9.27e-08 1.098e-07 9e-08 1.017e-07	
20190513 000000 9.28e-08 1.056e-07 9.09e-08 9.3e-08	
