20190611 000000 9.69e-07 1.1998e-06 8.69e-07 9.493e-07	
20190610 000000 9.178e-07 1.0193e-06 8.4e-07 9.733e-07	
20190609 000000 1.1276e-06 1.1466e-06 9e-07 9.07e-07	
20190608 000000 7.565e-07 1.4718e-06 7.549e-07 1.1273e-06	
20190607 000000 7.19e-07 7.588e-07 7.084e-07 7.565e-07	
20190606 000000 6.951e-07 7.589e-07 6.612e-07 7.202e-07	
20190605 000000 6.87e-07 7.331e-07 6.305e-07 6.95e-07	
20190604 000000 7.89e-07 7.907e-07 6.751e-07 6.892e-07	
20190603 000000 8.15e-07 8.588e-07 7.566e-07 7.869e-07	
20190602 000000 8.086e-07 9.043e-07 8.016e-07 8.131e-07	
20190601 000000 7.012e-07 8.78e-07 6.68e-07 8.087e-07	
20190531 000000 5.171e-07 7.073e-07 4.898e-07 7.04e-07	
20190530 000000 5.03e-07 5.4e-07 4.82e-07 5.171e-07	
20190529 000000 4.83e-07 5.296e-07 4.657e-07 5.037e-07	
20190528 000000 4.95e-07 5.16e-07 4.654e-07 4.844e-07	
20190527 000000 5.19e-07 5.342e-07 4.811e-07 4.93e-07	
20190526 000000 5.151e-07 5.662e-07 5.118e-07 5.197e-07	
20190525 000000 5.081e-07 5.304e-07 5e-07 5.151e-07	
20190524 000000 5.224e-07 5.25e-07 4.973e-07 5.082e-07	
20190523 000000 5.46e-07 5.516e-07 4.767e-07 5.223e-07	
20190522 000000 6.342e-07 6.585e-07 5.321e-07 5.516e-07	
20190521 000000 6.88e-07 7.024e-07 6.28e-07 6.34e-07	
20190520 000000 6.534e-07 7.369e-07 6.441e-07 6.893e-07	
20190519 000000 6.346e-07 7.28e-07 5.3e-07 6.534e-07	
20190518 000000 5.213e-07 8.172e-07 5.211e-07 6.444e-07	
20190517 000000 4.952e-07 5.834e-07 4.5e-07 5.34e-07	
20190516 000000 4.65e-07 5.283e-07 4.474e-07 4.949e-07	
20190515 000000 4.305e-07 5.053e-07 4.069e-07 4.71e-07	
20190514 000000 5.039e-07 5.049e-07 4.01e-07 4.308e-07	
20190513 000000 5.91e-07 6.214e-07 4.763e-07 5.039e-07	
