20190611 000000 4.88e-06 4.89e-06 4.55e-06 4.65e-06	
20190610 000000 4.55e-06 4.93e-06 4.36e-06 4.89e-06	
20190609 000000 4.71e-06 4.74e-06 4.5e-06 4.55e-06	
20190608 000000 4.53e-06 4.73e-06 4.48e-06 4.7e-06	
20190607 000000 4.36e-06 4.55e-06 4.31e-06 4.53e-06	
20190606 000000 4.29e-06 4.47e-06 4.28e-06 4.37e-06	
20190605 000000 4.39e-06 4.51e-06 4.29e-06 4.29e-06	
20190604 000000 4.3e-06 4.4e-06 4.09e-06 4.39e-06	
20190603 000000 4.49e-06 4.51e-06 4.24e-06 4.3e-06	
20190602 000000 4.53e-06 4.54e-06 4.36e-06 4.5e-06	
20190601 000000 4.68e-06 4.78e-06 4.46e-06 4.52e-06	
20190531 000000 4.91e-06 4.95e-06 4.6e-06 4.68e-06	
20190530 000000 5.05e-06 5.2e-06 4.91e-06 4.91e-06	
20190529 000000 5.14e-06 5.28e-06 4.96e-06 5.05e-06	
20190528 000000 5.06e-06 5.2e-06 4.88e-06 5.14e-06	
20190527 000000 5.24e-06 5.39e-06 4.76e-06 5.06e-06	
20190526 000000 4.97e-06 5.26e-06 4.88e-06 5.24e-06	
20190525 000000 5.1e-06 5.68e-06 4.92e-06 4.98e-06	
20190524 000000 5.09e-06 5.42e-06 4.91e-06 5.09e-06	
20190523 000000 5.09e-06 5.23e-06 4.87e-06 5.08e-06	
20190522 000000 4.94e-06 5.19e-06 4.84e-06 5.09e-06	
20190521 000000 4.84e-06 5.06e-06 4.66e-06 4.94e-06	
20190520 000000 4.87e-06 4.93e-06 4.7e-06 4.85e-06	
20190519 000000 5.18e-06 5.24e-06 4.82e-06 4.87e-06	
20190518 000000 5.2e-06 5.49e-06 5.08e-06 5.18e-06	
20190517 000000 5.1e-06 5.32e-06 4.65e-06 5.21e-06	
20190516 000000 4.95e-06 5.37e-06 4.56e-06 5.1e-06	
20190515 000000 4.53e-06 5.42e-06 4.3e-06 4.95e-06	
20190514 000000 4.43e-06 4.54e-06 4.21e-06 4.5e-06	
20190513 000000 4.72e-06 4.76e-06 4.33e-06 4.41e-06	
