20190611 000000 2.46e-08 2.63e-08 2.31e-08 2.52e-08	
20190610 000000 2.73e-08 2.78e-08 2.29e-08 2.45e-08	
20190609 000000 3.3e-08 3.55e-08 2.67e-08 2.74e-08	
20190608 000000 2.77e-08 3.47e-08 2.72e-08 3.31e-08	
20190607 000000 2.65e-08 3.09e-08 2.33e-08 2.77e-08	
20190606 000000 2.13e-08 2.7e-08 2.08e-08 2.65e-08	
20190605 000000 1.99e-08 2.2e-08 1.95e-08 2.13e-08	
20190604 000000 2.06e-08 2.07e-08 1.92e-08 1.99e-08	
20190603 000000 2.02e-08 2.07e-08 1.9e-08 2.05e-08	
20190602 000000 2.1e-08 2.1e-08 1.98e-08 2.02e-08	
20190601 000000 2.1e-08 2.16e-08 2.06e-08 2.1e-08	
20190531 000000 2.15e-08 2.17e-08 2.06e-08 2.1e-08	
20190530 000000 2.1e-08 2.28e-08 2.06e-08 2.16e-08	
20190529 000000 2.12e-08 2.25e-08 2.05e-08 2.1e-08	
20190528 000000 2.17e-08 2.28e-08 2e-08 2.12e-08	
20190527 000000 2.43e-08 2.43e-08 2.17e-08 2.17e-08	
20190526 000000 2.4e-08 2.8e-08 2.32e-08 2.43e-08	
20190525 000000 2.41e-08 2.59e-08 2.32e-08 2.44e-08	
20190524 000000 2.26e-08 2.48e-08 2.26e-08 2.41e-08	
20190523 000000 2.3e-08 2.44e-08 2.16e-08 2.29e-08	
20190522 000000 2.46e-08 2.49e-08 2.22e-08 2.3e-08	
20190521 000000 2.4e-08 2.54e-08 2.2e-08 2.46e-08	
20190520 000000 2.32e-08 2.6e-08 2.3e-08 2.4e-08	
20190519 000000 2.47e-08 2.65e-08 2.26e-08 2.32e-08	
20190518 000000 2.49e-08 2.51e-08 2.21e-08 2.47e-08	
20190517 000000 2.26e-08 2.6e-08 2.12e-08 2.49e-08	
20190516 000000 2.17e-08 2.45e-08 2.04e-08 2.24e-08	
20190515 000000 2e-08 2.21e-08 1.97e-08 2.16e-08	
20190514 000000 2.32e-08 2.32e-08 1.85e-08 2e-08	
20190513 000000 2.69e-08 2.7e-08 2.25e-08 2.31e-08	
