20190611 000000 4.08e-07 4.3e-07 4.023e-07 4.09e-07	
20190610 000000 4.13e-07 4.263e-07 4.01e-07 4.09e-07	
20190609 000000 4.31e-07 4.38e-07 4.015e-07 4.11e-07	
20190608 000000 4.107e-07 4.546e-07 4.001e-07 4.31e-07	
20190607 000000 4.29e-07 4.4e-07 4.105e-07 4.12e-07	
20190606 000000 3.99e-07 4.37e-07 3.81e-07 4.279e-07	
20190605 000000 4.15e-07 4.17e-07 3.9e-07 3.99e-07	
20190604 000000 3.81e-07 4.2e-07 3.7e-07 4.13e-07	
20190603 000000 3.989e-07 3.99e-07 3.72e-07 3.83e-07	
20190602 000000 4.26e-07 4.26e-07 3.86e-07 3.98e-07	
20190601 000000 3.52e-07 4.6e-07 3.451e-07 4.25e-07	
20190531 000000 3.78e-07 3.84e-07 3.475e-07 3.52e-07	
20190530 000000 3.85e-07 3.89e-07 3.647e-07 3.78e-07	
20190529 000000 3.98e-07 4e-07 3.775e-07 3.84e-07	
20190528 000000 3.99e-07 4.09e-07 3.835e-07 3.97e-07	
20190527 000000 4.22e-07 4.3e-07 3.636e-07 3.99e-07	
20190526 000000 4.09e-07 4.638e-07 3.79e-07 4.23e-07	
20190525 000000 4.1e-07 4.198e-07 3.7e-07 4.09e-07	
20190524 000000 4.12e-07 4.45e-07 4.021e-07 4.1e-07	
20190523 000000 4.2e-07 4.378e-07 4.023e-07 4.12e-07	
20190522 000000 4.61e-07 4.683e-07 4.061e-07 4.19e-07	
20190521 000000 4.97e-07 5.024e-07 4.521e-07 4.61e-07	
20190520 000000 4.89e-07 5.889e-07 4.6e-07 4.96e-07	
20190519 000000 4.8e-07 5.18e-07 4.35e-07 4.89e-07	
20190518 000000 4.83e-07 4.977e-07 4.2e-07 4.81e-07	
20190517 000000 5.185e-07 5.185e-07 4.458e-07 4.816e-07	
20190516 000000 4.488e-07 5.2e-07 4.102e-07 5.185e-07	
20190515 000000 4.163e-07 4.703e-07 4.067e-07 4.488e-07	
20190514 000000 5.248e-07 5.305e-07 4.032e-07 4.204e-07	
20190513 000000 5.803e-07 6.7e-07 4.866e-07 5.247e-07	
