20190611 000000 2.74e-05 2.789e-05 2.579e-05 2.626e-05	
20190610 000000 2.466e-05 2.834e-05 2.38e-05 2.739e-05	
20190609 000000 2.381e-05 2.599e-05 2.316e-05 2.469e-05	
20190608 000000 2.316e-05 2.407e-05 2.304e-05 2.381e-05	
20190607 000000 2.316e-05 2.35e-05 2.285e-05 2.316e-05	
20190606 000000 2.36e-05 2.377e-05 2.283e-05 2.318e-05	
20190605 000000 2.277e-05 2.376e-05 2.237e-05 2.361e-05	
20190604 000000 2.215e-05 2.449e-05 2.131e-05 2.279e-05	
20190603 000000 2.344e-05 2.391e-05 2.188e-05 2.21e-05	
20190602 000000 2.382e-05 2.396e-05 2.321e-05 2.346e-05	
20190601 000000 2.457e-05 2.563e-05 2.338e-05 2.371e-05	
20190531 000000 2.529e-05 2.548e-05 2.395e-05 2.457e-05	
20190530 000000 2.474e-05 2.667e-05 2.366e-05 2.528e-05	
20190529 000000 2.37e-05 2.55e-05 2.312e-05 2.478e-05	
20190528 000000 2.357e-05 2.448e-05 2.245e-05 2.373e-05	
20190527 000000 2.476e-05 2.498e-05 2.248e-05 2.351e-05	
20190526 000000 2.396e-05 2.713e-05 2.304e-05 2.473e-05	
20190525 000000 2.249e-05 2.585e-05 2.249e-05 2.394e-05	
20190524 000000 2.149e-05 2.29e-05 2.116e-05 2.253e-05	
20190523 000000 2.197e-05 2.225e-05 2.097e-05 2.15e-05	
20190522 000000 2.252e-05 2.329e-05 2.12e-05 2.198e-05	
20190521 000000 2.214e-05 2.29e-05 2.161e-05 2.256e-05	
20190520 000000 2.27e-05 2.277e-05 2.11e-05 2.212e-05	
20190519 000000 2.257e-05 2.315e-05 2.143e-05 2.271e-05	
20190518 000000 2.27e-05 2.351e-05 2.172e-05 2.26e-05	
20190517 000000 2.389e-05 2.479e-05 2.12e-05 2.269e-05	
20190516 000000 2.288e-05 2.75e-05 2.201e-05 2.39e-05	
20190515 000000 2.08e-05 2.518e-05 2.058e-05 2.288e-05	
20190514 000000 1.996e-05 2.116e-05 1.891e-05 2.081e-05	
20190513 000000 2.127e-05 2.164e-05 1.943e-05 1.992e-05	
