20190611 000000 1.084e-05 1.25e-05 1.066e-05 1.201e-05	
20190610 000000 1.086e-05 1.122e-05 1.053e-05 1.082e-05	
20190609 000000 1.073e-05 1.145e-05 1.055e-05 1.094e-05	
20190608 000000 1.028e-05 1.147e-05 1.019e-05 1.069e-05	
20190607 000000 1.006e-05 1.06e-05 9.88e-06 1.029e-05	
20190606 000000 1.028e-05 1.032e-05 9.98e-06 1e-05	
20190605 000000 1.009e-05 1.031e-05 9.89e-06 1.028e-05	
20190604 000000 9.87e-06 1.031e-05 9.78e-06 1.013e-05	
20190603 000000 9.84e-06 1.037e-05 9.66e-06 9.84e-06	
20190602 000000 9.54e-06 1e-05 9.48e-06 9.9e-06	
20190601 000000 9.63e-06 9.82e-06 9.45e-06 9.48e-06	
20190531 000000 9.84e-06 9.97e-06 9.44e-06 9.63e-06	
20190530 000000 9.92e-06 1.068e-05 9.88e-06 9.91e-06	
20190529 000000 1.011e-05 1.025e-05 9.81e-06 9.93e-06	
20190528 000000 1.009e-05 1.031e-05 9.83e-06 1.013e-05	
20190527 000000 1.096e-05 1.099e-05 9.82e-06 1.008e-05	
20190526 000000 1.032e-05 1.166e-05 1.027e-05 1.099e-05	
20190525 000000 1.019e-05 1.052e-05 1e-05 1.041e-05	
20190524 000000 1.061e-05 1.124e-05 1.017e-05 1.019e-05	
20190523 000000 1.031e-05 1.111e-05 9.76e-06 1.061e-05	
20190522 000000 9.87e-06 1.088e-05 9.85e-06 1.032e-05	
20190521 000000 9.54e-06 1.02e-05 9.3e-06 9.89e-06	
20190520 000000 9.83e-06 9.89e-06 9.41e-06 9.56e-06	
20190519 000000 1.035e-05 1.074e-05 9.77e-06 9.83e-06	
20190518 000000 9.92e-06 1.056e-05 9.87e-06 1.035e-05	
20190517 000000 1.057e-05 1.062e-05 9.52e-06 9.91e-06	
20190516 000000 1.017e-05 1.138e-05 9.61e-06 1.06e-05	
20190515 000000 9.64e-06 1.035e-05 9.06e-06 1.014e-05	
20190514 000000 9.01e-06 9.66e-06 8.5e-06 9.58e-06	
20190513 000000 9.82e-06 1e-05 8.89e-06 9e-06	
