20190611 000000 2.917e-05 3.349e-05 2.879e-05 3.108e-05	
20190610 000000 2.918e-05 3.1e-05 2.801e-05 2.91e-05	
20190609 000000 3.085e-05 3.165e-05 2.773e-05 2.914e-05	
20190608 000000 3.038e-05 3.098e-05 2.94e-05 3.083e-05	
20190607 000000 2.928e-05 3.165e-05 2.894e-05 3.042e-05	
20190606 000000 2.766e-05 3e-05 2.744e-05 2.918e-05	
20190605 000000 2.758e-05 2.808e-05 2.683e-05 2.768e-05	
20190604 000000 2.754e-05 2.81e-05 2.618e-05 2.758e-05	
20190603 000000 2.842e-05 2.923e-05 2.716e-05 2.749e-05	
20190602 000000 2.853e-05 2.903e-05 2.76e-05 2.853e-05	
20190601 000000 2.714e-05 2.9e-05 2.675e-05 2.87e-05	
20190531 000000 2.794e-05 2.805e-05 2.607e-05 2.725e-05	
20190530 000000 2.658e-05 2.97e-05 2.566e-05 2.792e-05	
20190529 000000 2.687e-05 2.75e-05 2.636e-05 2.662e-05	
20190528 000000 2.684e-05 2.807e-05 2.515e-05 2.67e-05	
20190527 000000 2.898e-05 2.991e-05 2.6e-05 2.684e-05	
20190526 000000 3.003e-05 3.6e-05 2.842e-05 2.907e-05	
20190525 000000 2.899e-05 3.272e-05 2.889e-05 2.997e-05	
20190524 000000 3.012e-05 3.08e-05 2.835e-05 2.897e-05	
20190523 000000 2.946e-05 3.092e-05 2.843e-05 3.011e-05	
20190522 000000 2.945e-05 3.106e-05 2.84e-05 2.947e-05	
20190521 000000 3.155e-05 3.162e-05 2.82e-05 2.945e-05	
20190520 000000 3.05e-05 3.358e-05 2.85e-05 3.182e-05	
20190519 000000 3.267e-05 3.267e-05 3.001e-05 3.052e-05	
20190518 000000 3.201e-05 4.799e-05 3.134e-05 3.268e-05	
20190517 000000 2.79e-05 3.29e-05 2.581e-05 3.182e-05	
20190516 000000 2.88e-05 2.926e-05 2.582e-05 2.792e-05	
20190515 000000 2.701e-05 2.98e-05 2.49e-05 2.891e-05	
20190514 000000 3.071e-05 3.145e-05 2.547e-05 2.742e-05	
20190513 000000 3.309e-05 3.363e-05 3.05e-05 3.067e-05	
