20190611 000000 7.995e-07 8.496e-07 7.805e-07 8.268e-07	
20190610 000000 8.026e-07 9.388e-07 7.56e-07 7.992e-07	
20190609 000000 8.437e-07 8.51e-07 7.418e-07 8.026e-07	
20190608 000000 9.578e-07 9.63e-07 8.2e-07 8.436e-07	
20190607 000000 8.178e-07 1.1078e-06 8.053e-07 9.581e-07	
20190606 000000 7.308e-07 8.455e-07 7.2e-07 8.179e-07	
20190605 000000 6.975e-07 7.532e-07 6.572e-07 7.33e-07	
20190604 000000 6.854e-07 6.99e-07 6.179e-07 6.976e-07	
20190603 000000 6.902e-07 6.977e-07 6.26e-07 6.851e-07	
20190602 000000 7.185e-07 7.6e-07 6.773e-07 6.902e-07	
20190601 000000 6.076e-07 7.682e-07 5.601e-07 7.186e-07	
20190531 000000 5.958e-07 6.1e-07 5.601e-07 6.076e-07	
20190530 000000 5.901e-07 6.35e-07 5.682e-07 5.959e-07	
20190529 000000 6.175e-07 6.33e-07 5.8e-07 5.901e-07	
20190528 000000 5.753e-07 6.26e-07 5.485e-07 6.175e-07	
20190527 000000 6.492e-07 6.599e-07 5.49e-07 5.753e-07	
20190526 000000 6.597e-07 6.786e-07 6.017e-07 6.47e-07	
20190525 000000 6.764e-07 7.7e-07 5.99e-07 6.597e-07	
20190524 000000 5.153e-07 7.006e-07 4.7e-07 6.764e-07	
20190523 000000 4.535e-07 6.525e-07 4.1e-07 5.16e-07	
20190522 000000 6.144e-07 6.144e-07 4.251e-07 4.537e-07	
20190521 000000 7.57e-07 7.653e-07 5.716e-07 6.141e-07	
20190520 000000 7.26e-07 8.048e-07 6.621e-07 7.59e-07	
20190519 000000 7.682e-07 8.194e-07 6.93e-07 7.261e-07	
20190518 000000 8.016e-07 8.195e-07 6.689e-07 7.596e-07	
20190517 000000 7.341e-07 8.623e-07 6.667e-07 8.016e-07	
20190516 000000 7.139e-07 7.799e-07 6.142e-07 7.346e-07	
20190515 000000 6.155e-07 7.199e-07 6.029e-07 7.148e-07	
20190514 000000 8.106e-07 8.345e-07 5.72e-07 6.155e-07	
20190513 000000 8.501e-07 9.934e-07 8.078e-07 8.106e-07	
