20190611 000000 0.018506 0.019 0.018467 0.018531	
20190610 000000 0.018294 0.018913 0.018259 0.018561	
20190609 000000 0.018418 0.018584 0.0182 0.018298	
20190608 000000 0.018679 0.018872 0.01841 0.018418	
20190607 000000 0.018626 0.018798 0.018208 0.01868	
20190606 000000 0.018708 0.019 0.018551 0.018636	
20190605 000000 0.019379 0.019393 0.018552 0.018716	
20190604 000000 0.018961 0.019688 0.018778 0.0194	
20190603 000000 0.019142 0.019196 0.018813 0.018961	
20190602 000000 0.019289 0.019329 0.018944 0.019141	
20190601 000000 0.019225 0.019517 0.01905 0.019298	
20190531 000000 0.01946 0.019792 0.019103 0.019225	
20190530 000000 0.019721 0.020156 0.019288 0.01949	
20190529 000000 0.019589 0.020043 0.018975 0.019722	
20190528 000000 0.018728 0.01958 0.018728 0.01958	
20190527 000000 0.019156 0.019253 0.018373 0.018721	
20190526 000000 0.01929 0.019459 0.019091 0.019156	
20190525 000000 0.019783 0.02003 0.019187 0.019288	
20190524 000000 0.019638 0.020344 0.019366 0.019787	
20190523 000000 0.020422 0.020441 0.019193 0.019637	
20190522 000000 0.021135 0.021141 0.020328 0.020434	
20190521 000000 0.021009 0.021781 0.020273 0.021124	
20190520 000000 0.019401 0.02176 0.019262 0.021004	
20190519 000000 0.018954 0.019729 0.018679 0.019399	
20190518 000000 0.018747 0.019156 0.01839 0.018958	
20190517 000000 0.01944 0.019475 0.018193 0.01875	
20190516 000000 0.018455 0.020291 0.018204 0.019436	
20190515 000000 0.017567 0.019101 0.017185 0.018434	
20190514 000000 0.01708 0.017966 0.016555 0.017612	
20190513 000000 0.017245 0.01886 0.017052 0.017055	
