20190611 000000 2.8e-07 3.178e-07 2.555e-07 2.57e-07	
20190610 000000 3.42e-07 3.42e-07 2.555e-07 2.82e-07	
20190609 000000 3.04e-07 4.198e-07 3.01e-07 3.378e-07	
20190608 000000 2.9e-07 3.275e-07 2.685e-07 2.989e-07	
20190607 000000 2.64e-07 2.948e-07 2.502e-07 2.888e-07	
20190606 000000 2.235e-07 2.7e-07 2.235e-07 2.65e-07	
20190605 000000 2.2e-07 2.3e-07 2.028e-07 2.24e-07	
20190604 000000 2.28e-07 2.356e-07 2.025e-07 2.2e-07	
20190603 000000 2.34e-07 2.452e-07 2.21e-07 2.29e-07	
20190602 000000 2.44e-07 2.48e-07 2.261e-07 2.34e-07	
20190601 000000 2.43e-07 2.495e-07 2.328e-07 2.44e-07	
20190531 000000 2.482e-07 2.55e-07 2.35e-07 2.42e-07	
20190530 000000 2.53e-07 2.65e-07 2.408e-07 2.5e-07	
20190529 000000 2.61e-07 2.693e-07 2.307e-07 2.53e-07	
20190528 000000 2.412e-07 2.695e-07 2.356e-07 2.62e-07	
20190527 000000 2.67e-07 2.719e-07 2.366e-07 2.411e-07	
20190526 000000 2.695e-07 2.72e-07 2.598e-07 2.68e-07	
20190525 000000 2.81e-07 2.888e-07 2.639e-07 2.639e-07	
20190524 000000 2.792e-07 3.018e-07 2.579e-07 2.82e-07	
20190523 000000 2.52e-07 2.968e-07 2.442e-07 2.85e-07	
20190522 000000 2.661e-07 2.739e-07 2.454e-07 2.51e-07	
20190521 000000 2.69e-07 2.799e-07 2.468e-07 2.68e-07	
20190520 000000 2.738e-07 3.135e-07 2.453e-07 2.602e-07	
20190519 000000 2.795e-07 2.833e-07 2.4e-07 2.702e-07	
20190518 000000 2.939e-07 3.799e-07 2.555e-07 2.82e-07	
20190517 000000 2.61e-07 3.257e-07 2.258e-07 3e-07	
20190516 000000 2.57e-07 2.82e-07 2.405e-07 2.6e-07	
20190515 000000 2.2e-07 2.58e-07 2.146e-07 2.57e-07	
20190514 000000 2.47e-07 2.857e-07 2.1e-07 2.2e-07	
20190513 000000 2.79e-07 3.071e-07 2.419e-07 2.47e-07	
