20190611 000000 9.47e-08 9.83e-08 9.27e-08 9.7e-08	
20190610 000000 1.022e-07 1.07e-07 8.88e-08 9.4e-08	
20190609 000000 1.15e-07 1.223e-07 1e-07 1.026e-07	
20190608 000000 1.01e-07 1.158e-07 9.53e-08 1.15e-07	
20190607 000000 9.75e-08 1.1e-07 9.1e-08 1.01e-07	
20190606 000000 8.66e-08 9.8e-08 8.66e-08 9.75e-08	
20190605 000000 8.5e-08 9e-08 8.47e-08 8.66e-08	
20190604 000000 8.56e-08 8.66e-08 8.15e-08 8.5e-08	
20190603 000000 8.85e-08 8.9e-08 8.3e-08 8.59e-08	
20190602 000000 9.31e-08 9.34e-08 8.52e-08 8.85e-08	
20190601 000000 9.42e-08 9.62e-08 8.8e-08 9.31e-08	
20190531 000000 9.7e-08 9.88e-08 9.05e-08 9.42e-08	
20190530 000000 1.01e-07 1.04e-07 9.21e-08 9.6e-08	
20190529 000000 9.41e-08 1.123e-07 9.29e-08 1.01e-07	
20190528 000000 9.31e-08 9.75e-08 9.03e-08 9.41e-08	
20190527 000000 1.011e-07 1.072e-07 8.8e-08 9.31e-08	
20190526 000000 1.049e-07 1.054e-07 1.001e-07 1.008e-07	
20190525 000000 1e-07 1.121e-07 9.53e-08 1.048e-07	
20190524 000000 9.5e-08 1.047e-07 9.2e-08 1.01e-07	
20190523 000000 9.85e-08 1.15e-07 9.1e-08 9.5e-08	
20190522 000000 1.063e-07 1.064e-07 9.03e-08 9.71e-08	
20190521 000000 1.168e-07 1.177e-07 1e-07 1.063e-07	
20190520 000000 1.43e-07 1.433e-07 1.152e-07 1.16e-07	
20190519 000000 1.081e-07 1.647e-07 1.077e-07 1.43e-07	
20190518 000000 1.168e-07 1.2e-07 1.022e-07 1.081e-07	
20190517 000000 1.03e-07 1.21e-07 9.69e-08 1.168e-07	
20190516 000000 9.82e-08 1.044e-07 8.65e-08 1.036e-07	
20190515 000000 9.2e-08 1.046e-07 8.5e-08 9.86e-08	
20190514 000000 9.3e-08 9.35e-08 7.5e-08 9.2e-08	
20190513 000000 1.01e-07 1.129e-07 9.29e-08 9.3e-08	
