20190611 000000 4.016e-07 4.019e-07 3.75e-07 3.872e-07	
20190610 000000 4.016e-07 4.139e-07 3.86e-07 3.99e-07	
20190609 000000 3.951e-07 4.23e-07 3.85e-07 4.016e-07	
20190608 000000 3.882e-07 4.233e-07 3.599e-07 3.961e-07	
20190607 000000 4.05e-07 4.24e-07 3.8e-07 3.882e-07	
20190606 000000 3.7e-07 4.07e-07 3.7e-07 4.03e-07	
20190605 000000 3.702e-07 3.821e-07 3.653e-07 3.698e-07	
20190604 000000 3.703e-07 3.822e-07 3.565e-07 3.722e-07	
20190603 000000 3.703e-07 3.79e-07 3.61e-07 3.72e-07	
20190602 000000 3.806e-07 3.859e-07 3.669e-07 3.727e-07	
20190601 000000 4.017e-07 4.017e-07 3.73e-07 3.771e-07	
20190531 000000 3.82e-07 4.065e-07 3.75e-07 4.017e-07	
20190530 000000 3.795e-07 4.2e-07 3.7e-07 3.806e-07	
20190529 000000 3.932e-07 3.988e-07 3.731e-07 3.748e-07	
20190528 000000 3.883e-07 4.012e-07 3.72e-07 3.931e-07	
20190527 000000 4.243e-07 4.5e-07 3.79e-07 3.883e-07	
20190526 000000 4.262e-07 4.6e-07 4.022e-07 4.24e-07	
20190525 000000 4.261e-07 4.5e-07 4.155e-07 4.278e-07	
20190524 000000 4.408e-07 4.601e-07 4.187e-07 4.239e-07	
20190523 000000 4.36e-07 4.555e-07 3.998e-07 4.379e-07	
20190522 000000 4.496e-07 4.705e-07 4.204e-07 4.388e-07	
20190521 000000 4.387e-07 4.879e-07 4.2e-07 4.459e-07	
20190520 000000 4.631e-07 4.836e-07 4.235e-07 4.408e-07	
20190519 000000 4.466e-07 5.4e-07 3.9e-07 4.631e-07	
20190518 000000 4.481e-07 4.599e-07 4.3e-07 4.481e-07	
20190517 000000 4.579e-07 4.888e-07 4.1e-07 4.481e-07	
20190516 000000 4.42e-07 4.928e-07 3.857e-07 4.595e-07	
20190515 000000 3.68e-07 4.524e-07 3.571e-07 4.406e-07	
20190514 000000 3.733e-07 3.857e-07 3.5e-07 3.628e-07	
20190513 000000 4.166e-07 4.351e-07 3.746e-07 3.75e-07	
