20190611 000000 0.00337 0.003526 0.00337 0.003515	
20190610 000000 0.003414 0.00356 0.00337 0.003383	
20190609 000000 0.003369 0.003477 0.003326 0.003412	
20190608 000000 0.003302 0.003453 0.003272 0.003369	
20190607 000000 0.0033 0.003301 0.003236 0.003298	
20190606 000000 0.003436 0.003449 0.003259 0.003297	
20190605 000000 0.003279 0.003456 0.003232 0.003434	
20190604 000000 0.00327 0.003366 0.003244 0.003277	
20190603 000000 0.003332 0.003342 0.00326 0.003271	
20190602 000000 0.003338 0.003375 0.003291 0.003334	
20190601 000000 0.003331 0.003436 0.003241 0.003328	
20190531 000000 0.003377 0.003678 0.00328 0.003332	
20190530 000000 0.003268 0.003636 0.003237 0.003372	
20190529 000000 0.003226 0.003333 0.003212 0.003271	
20190528 000000 0.003269 0.003389 0.003214 0.003226	
20190527 000000 0.003462 0.003465 0.00317 0.003249	
20190526 000000 0.00348 0.003513 0.003435 0.003461	
20190525 000000 0.003541 0.003569 0.003448 0.003485	
20190524 000000 0.003428 0.003562 0.003423 0.003543	
20190523 000000 0.003685 0.003705 0.003375 0.003428	
20190522 000000 0.003754 0.003758 0.003606 0.003685	
20190521 000000 0.003674 0.003783 0.003643 0.003737	
20190520 000000 0.003834 0.003883 0.003554 0.003671	
20190519 000000 0.003956 0.004028 0.00381 0.003842	
20190518 000000 0.003861 0.003999 0.003814 0.003957	
20190517 000000 0.004076 0.004119 0.003755 0.003855	
20190516 000000 0.003999 0.004265 0.003904 0.004074	
20190515 000000 0.003593 0.0085 0.00265 0.003998	
20190514 000000 0.003744 0.003744 0.003509 0.003577	
20190513 000000 0.003877 0.003922 0.003712 0.003729	
