20190611 000000 2.43e-06 2.5477e-06 2.32e-06 2.381e-06	
20190610 000000 2.399e-06 2.5499e-06 2.35e-06 2.432e-06	
20190609 000000 2.414e-06 2.5042e-06 2.3643e-06 2.397e-06	
20190608 000000 2.292e-06 2.4557e-06 2.2655e-06 2.411e-06	
20190607 000000 2.282e-06 2.3645e-06 2.0873e-06 2.293e-06	
20190606 000000 2.094e-06 2.2862e-06 2.088e-06 2.28e-06	
20190605 000000 2.186e-06 2.2998e-06 2.09e-06 2.094e-06	
20190604 000000 2.269e-06 2.28e-06 2.13e-06 2.186e-06	
20190603 000000 2.553e-06 2.5715e-06 2.17e-06 2.272e-06	
20190602 000000 2.544e-06 2.9778e-06 2.4201e-06 2.555e-06	
20190601 000000 2.278e-06 2.861e-06 2.2735e-06 2.544e-06	
20190531 000000 2.215e-06 2.4029e-06 2.07e-06 2.2804e-06	
20190530 000000 2.061e-06 2.217e-06 1.99e-06 2.215e-06	
20190529 000000 2.131e-06 2.1443e-06 2.0012e-06 2.07e-06	
20190528 000000 2.341e-06 2.5e-06 1.97e-06 2.134e-06	
20190527 000000 2.5779e-06 2.7e-06 2.3252e-06 2.338e-06	
20190526 000000 2.644e-06 2.7e-06 2.5e-06 2.5676e-06	
20190525 000000 2.765e-06 2.841e-06 2.46e-06 2.654e-06	
20190524 000000 2.487e-06 3.163e-06 2.35e-06 2.77e-06	
20190523 000000 2.589e-06 2.6e-06 2.3116e-06 2.488e-06	
20190522 000000 2.8051e-06 2.8051e-06 2.32e-06 2.58e-06	
20190521 000000 3.268e-06 3.287e-06 2.5877e-06 2.8172e-06	
20190520 000000 2.6053e-06 3.7e-06 2.6053e-06 3.2847e-06	
20190519 000000 2.201e-06 4.7777e-06 2.198e-06 2.6041e-06	
20190518 000000 2.194e-06 2.3777e-06 2.0601e-06 2.203e-06	
20190517 000000 2.007e-06 2.26e-06 1.98e-06 2.194e-06	
20190516 000000 2.0571e-06 2.6571e-06 1.9504e-06 2.0001e-06	
20190515 000000 1.933e-06 2.1084e-06 1.8341e-06 2.065e-06	
20190514 000000 2.4681e-06 2.5641e-06 1.9001e-06 1.953e-06	
20190513 000000 3.2578e-06 3.2586e-06 2.4135e-06 2.532e-06	
