20190611 000000 0.004101 0.004157 0.004008 0.004076	
20190610 000000 0.004058 0.004121 0.003923 0.00411	
20190609 000000 0.004177 0.004184 0.004034 0.004057	
20190608 000000 0.00413 0.004284 0.004085 0.004173	
20190607 000000 0.004079 0.00416 0.004061 0.00413	
20190606 000000 0.004066 0.004129 0.004008 0.004075	
20190605 000000 0.004166 0.004264 0.004027 0.004066	
20190604 000000 0.004125 0.004209 0.004008 0.004166	
20190603 000000 0.004081 0.004157 0.004008 0.004125	
20190602 000000 0.004189 0.004277 0.004043 0.004075	
20190601 000000 0.004241 0.00444 0.004113 0.004189	
20190531 000000 0.004078 0.004782 0.004037 0.004277	
20190530 000000 0.004128 0.004598 0.004055 0.004065	
20190529 000000 0.004159 0.004184 0.004031 0.004128	
20190528 000000 0.004042 0.004209 0.003993 0.004158	
20190527 000000 0.004335 0.004395 0.004001 0.004031	
20190526 000000 0.004116 0.00461 0.00403 0.004337	
20190525 000000 0.004154 0.004193 0.004008 0.004114	
20190524 000000 0.00424 0.004344 0.004112 0.004149	
20190523 000000 0.004478 0.004732 0.004192 0.004236	
20190522 000000 0.004523 0.004752 0.004411 0.004478	
20190521 000000 0.004476 0.004638 0.004437 0.004524	
20190520 000000 0.004556 0.004678 0.004369 0.004485	
20190519 000000 0.00474 0.004952 0.004459 0.004547	
20190518 000000 0.004744 0.004999 0.00466 0.004748	
20190517 000000 0.005044 0.0054 0.004697 0.004744	
20190516 000000 0.004779 0.00508 0.004504 0.005043	
20190515 000000 0.004354 0.004925 0.004341 0.004774	
20190514 000000 0.004726 0.004817 0.004312 0.004354	
20190513 000000 0.005401 0.005401 0.004604 0.004722	
