20190611 000000 1.7e-06 1.76e-06 1.69e-06 1.7e-06	
20190610 000000 1.71e-06 1.73e-06 1.58e-06 1.7e-06	
20190609 000000 1.75e-06 1.81e-06 1.69e-06 1.71e-06	
20190608 000000 1.78e-06 1.8e-06 1.69e-06 1.75e-06	
20190607 000000 1.71e-06 1.8e-06 1.66e-06 1.78e-06	
20190606 000000 1.65e-06 1.73e-06 1.65e-06 1.7e-06	
20190605 000000 1.64e-06 1.68e-06 1.59e-06 1.65e-06	
20190604 000000 1.6e-06 1.66e-06 1.59e-06 1.64e-06	
20190603 000000 1.62e-06 1.69e-06 1.57e-06 1.61e-06	
20190602 000000 1.59e-06 1.69e-06 1.57e-06 1.6e-06	
20190601 000000 1.64e-06 1.68e-06 1.55e-06 1.58e-06	
20190531 000000 1.65e-06 1.71e-06 1.6e-06 1.64e-06	
20190530 000000 1.72e-06 1.76e-06 1.65e-06 1.7e-06	
20190529 000000 1.76e-06 1.76e-06 1.65e-06 1.7e-06	
20190528 000000 1.64e-06 1.94e-06 1.54e-06 1.76e-06	
20190527 000000 1.95e-06 1.95e-06 1.58e-06 1.62e-06	
20190526 000000 1.84e-06 2e-06 1.81e-06 1.95e-06	
20190525 000000 1.84e-06 1.9e-06 1.79e-06 1.82e-06	
20190524 000000 2.23e-06 2.31e-06 1.83e-06 1.84e-06	
20190523 000000 1.86e-06 2.9e-06 1.84e-06 2.24e-06	
20190522 000000 1.72e-06 1.89e-06 1.69e-06 1.81e-06	
20190521 000000 1.73e-06 1.93e-06 1.64e-06 1.72e-06	
20190520 000000 1.53e-06 2e-06 1.48e-06 1.73e-06	
20190519 000000 1.7e-06 1.75e-06 1.5e-06 1.54e-06	
20190518 000000 1.62e-06 1.8e-06 1.61e-06 1.69e-06	
20190517 000000 1.68e-06 1.78e-06 1.57e-06 1.62e-06	
20190516 000000 1.63e-06 1.78e-06 1.54e-06 1.68e-06	
20190515 000000 1.43e-06 1.65e-06 1.4e-06 1.64e-06	
20190514 000000 1.5e-06 1.5e-06 1.35e-06 1.43e-06	
20190513 000000 1.63e-06 1.76e-06 1.44e-06 1.5e-06	
