20190611 000000 3.82e-07 3.86e-07 3.8e-07 3.834e-07	
20190610 000000 3.86e-07 3.9e-07 3.791e-07 3.82e-07	
20190609 000000 3.848e-07 3.89e-07 3.808e-07 3.86e-07	
20190608 000000 3.899e-07 3.906e-07 3.83e-07 3.84e-07	
20190607 000000 3.93e-07 3.998e-07 3.86e-07 3.899e-07	
20190606 000000 3.859e-07 3.945e-07 3.791e-07 3.92e-07	
20190605 000000 3.88e-07 3.927e-07 3.807e-07 3.859e-07	
20190604 000000 3.832e-07 3.915e-07 3.75e-07 3.88e-07	
20190603 000000 3.89e-07 3.909e-07 3.799e-07 3.836e-07	
20190602 000000 3.919e-07 3.992e-07 3.861e-07 3.89e-07	
20190601 000000 3.9e-07 4.032e-07 3.891e-07 3.92e-07	
20190531 000000 3.993e-07 4.235e-07 3.76e-07 3.9e-07	
20190530 000000 3.59e-07 4.212e-07 3.59e-07 4e-07	
20190529 000000 3.579e-07 3.632e-07 3.551e-07 3.59e-07	
20190528 000000 3.617e-07 3.68e-07 3.53e-07 3.575e-07	
20190527 000000 3.68e-07 3.704e-07 3.5e-07 3.61e-07	
20190526 000000 3.67e-07 3.736e-07 3.658e-07 3.68e-07	
20190525 000000 3.7e-07 3.799e-07 3.65e-07 3.67e-07	
20190524 000000 3.7e-07 3.799e-07 3.683e-07 3.7e-07	
20190523 000000 3.739e-07 3.81e-07 3.689e-07 3.7e-07	
20190522 000000 3.83e-07 3.9e-07 3.721e-07 3.737e-07	
20190521 000000 3.752e-07 3.861e-07 3.71e-07 3.821e-07	
20190520 000000 3.88e-07 3.914e-07 3.71e-07 3.759e-07	
20190519 000000 4.009e-07 4.088e-07 3.82e-07 3.88e-07	
20190518 000000 3.894e-07 4.06e-07 3.888e-07 4e-07	
20190517 000000 4.067e-07 4.11e-07 3.751e-07 3.896e-07	
20190516 000000 3.9e-07 4.364e-07 3.85e-07 4.06e-07	
20190515 000000 3.887e-07 4.044e-07 3.708e-07 3.9e-07	
20190514 000000 3.51e-07 3.906e-07 3.4e-07 3.887e-07	
20190513 000000 3.75e-07 3.809e-07 3.493e-07 3.51e-07	
