20190611 000000 1.87e-07 1.904e-07 1.635e-07 1.79e-07	
20190610 000000 1.93e-07 1.94e-07 1.85e-07 1.88e-07	
20190609 000000 1.85e-07 1.973e-07 1.785e-07 1.93e-07	
20190608 000000 1.91e-07 1.945e-07 1.83e-07 1.85e-07	
20190607 000000 1.89e-07 1.989e-07 1.869e-07 1.91e-07	
20190606 000000 1.7e-07 2e-07 1.679e-07 1.883e-07	
20190605 000000 1.72e-07 1.749e-07 1.643e-07 1.7e-07	
20190604 000000 1.67e-07 1.742e-07 1.594e-07 1.72e-07	
20190603 000000 1.69e-07 1.72e-07 1.611e-07 1.67e-07	
20190602 000000 1.62e-07 1.79e-07 1.6e-07 1.69e-07	
20190601 000000 1.63e-07 1.68e-07 1.584e-07 1.62e-07	
20190531 000000 1.7e-07 1.717e-07 1.601e-07 1.62e-07	
20190530 000000 1.7e-07 1.75e-07 1.652e-07 1.695e-07	
20190529 000000 1.71e-07 1.734e-07 1.65e-07 1.7e-07	
20190528 000000 1.74e-07 1.75e-07 1.643e-07 1.71e-07	
20190527 000000 1.87e-07 1.92e-07 1.707e-07 1.74e-07	
20190526 000000 1.83e-07 2.15e-07 1.803e-07 1.87e-07	
20190525 000000 1.779e-07 1.909e-07 1.75e-07 1.83e-07	
20190524 000000 1.77e-07 1.827e-07 1.724e-07 1.79e-07	
20190523 000000 1.77e-07 1.912e-07 1.68e-07 1.762e-07	
20190522 000000 1.798e-07 1.913e-07 1.711e-07 1.77e-07	
20190521 000000 1.67e-07 1.988e-07 1.65e-07 1.806e-07	
20190520 000000 1.62e-07 1.877e-07 1.592e-07 1.67e-07	
20190519 000000 1.7e-07 1.72e-07 1.581e-07 1.616e-07	
20190518 000000 1.67e-07 1.772e-07 1.625e-07 1.69e-07	
20190517 000000 1.738e-07 1.738e-07 1.58e-07 1.669e-07	
20190516 000000 1.68e-07 1.834e-07 1.555e-07 1.725e-07	
20190515 000000 1.41e-07 1.69e-07 1.356e-07 1.69e-07	
20190514 000000 1.45e-07 1.515e-07 1.34e-07 1.41e-07	
20190513 000000 1.61e-07 1.641e-07 1.409e-07 1.44e-07	
