20190611 000000 3.97e-08 3.97e-08 3.8e-08 3.9e-08	
20190610 000000 3.92e-08 3.98e-08 3.71e-08 3.91e-08	
20190609 000000 4.21e-08 4.3e-08 3.9e-08 3.92e-08	
20190608 000000 4.1e-08 4.23e-08 3.99e-08 4.21e-08	
20190607 000000 4.4e-08 4.9e-08 3.79e-08 4.1e-08	
20190606 000000 3.71e-08 4.42e-08 3.66e-08 4.4e-08	
20190605 000000 3.69e-08 3.87e-08 3.62e-08 3.73e-08	
20190604 000000 3.7e-08 3.76e-08 3.59e-08 3.69e-08	
20190603 000000 3.77e-08 3.83e-08 3.62e-08 3.69e-08	
20190602 000000 3.82e-08 3.91e-08 3.74e-08 3.79e-08	
20190601 000000 3.85e-08 3.89e-08 3.79e-08 3.81e-08	
20190531 000000 3.9e-08 3.94e-08 3.69e-08 3.86e-08	
20190530 000000 3.9e-08 3.98e-08 3.73e-08 3.91e-08	
20190529 000000 3.9e-08 3.95e-08 3.81e-08 3.89e-08	
20190528 000000 3.81e-08 3.97e-08 3.61e-08 3.9e-08	
20190527 000000 4.1e-08 4.1e-08 3.69e-08 3.81e-08	
20190526 000000 4e-08 4.21e-08 4e-08 4.1e-08	
20190525 000000 3.97e-08 4.12e-08 3.91e-08 4.03e-08	
20190524 000000 3.89e-08 4.01e-08 3.79e-08 3.96e-08	
20190523 000000 4.03e-08 4.08e-08 3.67e-08 3.89e-08	
20190522 000000 4.22e-08 4.32e-08 4e-08 4.03e-08	
20190521 000000 4.23e-08 4.33e-08 4.03e-08 4.22e-08	
20190520 000000 4.5e-08 4.7e-08 4.09e-08 4.22e-08	
20190519 000000 4.21e-08 5.21e-08 4.14e-08 4.46e-08	
20190518 000000 4.19e-08 4.37e-08 3.91e-08 4.2e-08	
20190517 000000 4.1e-08 4.4e-08 3.61e-08 4.19e-08	
20190516 000000 3.89e-08 4.27e-08 3.65e-08 4.11e-08	
20190515 000000 3.6e-08 3.9e-08 3.22e-08 3.89e-08	
20190514 000000 3.95e-08 4e-08 3.35e-08 3.59e-08	
20190513 000000 4.28e-08 4.31e-08 3.92e-08 3.96e-08	
