20190611 000000 1.31e-07 1.477e-07 1.12e-07 1.19e-07	
20190610 000000 1.38e-07 1.389e-07 9.79e-08 1.31e-07	
20190609 000000 1.199e-07 1.5e-07 8.89e-08 1.381e-07	
20190608 000000 8.4e-08 1.208e-07 8.4e-08 1.19e-07	
20190607 000000 7.7e-08 8.95e-08 7.44e-08 8.4e-08	
20190606 000000 6.9e-08 7.73e-08 6.72e-08 7.7e-08	
20190605 000000 6.9e-08 7.14e-08 6.51e-08 6.9e-08	
20190604 000000 7.2e-08 7.2e-08 6.45e-08 6.9e-08	
20190603 000000 7.2e-08 7.3e-08 6.8e-08 7.2e-08	
20190602 000000 7.3e-08 7.4e-08 7.1e-08 7.2e-08	
20190601 000000 7.3e-08 7.43e-08 7.01e-08 7.43e-08	
20190531 000000 7.1e-08 7.37e-08 6.8e-08 7.3e-08	
20190530 000000 6.99e-08 7.6e-08 5.95e-08 7.1e-08	
20190529 000000 7.27e-08 8.1e-08 6.8e-08 6.99e-08	
20190528 000000 7.2e-08 7.3e-08 7e-08 7.27e-08	
20190527 000000 7.84e-08 8.4e-08 6.79e-08 7.3e-08	
20190526 000000 8.25e-08 8.83e-08 7.57e-08 7.9e-08	
20190525 000000 8e-08 8.8e-08 7.05e-08 8.25e-08	
20190524 000000 7.4e-08 8.06e-08 7.34e-08 8e-08	
20190523 000000 7.26e-08 9e-08 7.1e-08 7.4e-08	
20190522 000000 7.4e-08 7.6e-08 6.93e-08 7.25e-08	
20190521 000000 7.99e-08 8.1e-08 7.17e-08 7.4e-08	
20190520 000000 7.7e-08 8e-08 7.17e-08 7.99e-08	
20190519 000000 8.4e-08 9.62e-08 7.3e-08 7.7e-08	
20190518 000000 8.03e-08 1.142e-07 7.5e-08 8.4e-08	
20190517 000000 7.23e-08 9.2e-08 6.8e-08 8.03e-08	
20190516 000000 6.89e-08 7.76e-08 6.3e-08 7.2e-08	
20190515 000000 6e-08 6.8e-08 5.76e-08 6.8e-08	
20190514 000000 7.11e-08 7.4e-08 5.55e-08 6e-08	
20190513 000000 8e-08 8.41e-08 7e-08 7.2e-08	
