20190611 000000 4.71e-07 4.88e-07 4.3e-07 4.58e-07	
20190610 000000 5.05e-07 5.164e-07 4.55e-07 4.71e-07	
20190609 000000 5.25e-07 5.6e-07 4.974e-07 5.107e-07	
20190608 000000 4.977e-07 5.459e-07 4.749e-07 5.25e-07	
20190607 000000 4.83e-07 5.278e-07 4.631e-07 4.95e-07	
20190606 000000 4.6e-07 4.86e-07 4.442e-07 4.83e-07	
20190605 000000 4.958e-07 5.18e-07 4.479e-07 4.58e-07	
20190604 000000 4.82e-07 5.389e-07 4.604e-07 4.89e-07	
20190603 000000 4.479e-07 4.98e-07 4.3e-07 4.876e-07	
20190602 000000 4.247e-07 4.699e-07 4.21e-07 4.479e-07	
20190601 000000 4.198e-07 4.398e-07 4.023e-07 4.247e-07	
20190531 000000 4.18e-07 4.287e-07 3.907e-07 4.184e-07	
20190530 000000 4.152e-07 4.3e-07 3.95e-07 4.196e-07	
20190529 000000 4.13e-07 4.2e-07 3.9e-07 4.151e-07	
20190528 000000 4.03e-07 4.18e-07 3.817e-07 4.16e-07	
20190527 000000 4.36e-07 4.42e-07 3.908e-07 4.02e-07	
20190526 000000 4.48e-07 4.48e-07 4.188e-07 4.33e-07	
20190525 000000 4.314e-07 4.498e-07 4.13e-07 4.48e-07	
20190524 000000 4.302e-07 4.565e-07 4.061e-07 4.314e-07	
20190523 000000 4.23e-07 4.306e-07 4.021e-07 4.302e-07	
20190522 000000 4.431e-07 4.62e-07 3.9e-07 4.21e-07	
20190521 000000 4.65e-07 4.686e-07 4e-07 4.41e-07	
20190520 000000 4.815e-07 4.996e-07 4e-07 4.65e-07	
20190519 000000 5.19e-07 5.201e-07 4.63e-07 4.815e-07	
20190518 000000 6.071e-07 6.482e-07 4.303e-07 5.18e-07	
20190517 000000 5.35e-07 6.5e-07 5.11e-07 6.071e-07	
20190516 000000 4.87e-07 5.8e-07 4.7e-07 5.307e-07	
20190515 000000 4.5e-07 4.987e-07 4.226e-07 4.87e-07	
20190514 000000 5.03e-07 5.03e-07 4.291e-07 4.51e-07	
20190513 000000 5.556e-07 5.6e-07 4.898e-07 5.05e-07	
