20190611 000000 7.13e-06 7.34e-06 6.93e-06 7.17e-06	
20190610 000000 7.34e-06 7.68e-06 6.7e-06 7.1e-06	
20190609 000000 6.97e-06 8.13e-06 6.75e-06 7.33e-06	
20190608 000000 7.37e-06 7.48e-06 6.8e-06 7e-06	
20190607 000000 6.83e-06 8.1e-06 6.6e-06 7.42e-06	
20190606 000000 5.8e-06 6.9e-06 5.7e-06 6.83e-06	
20190605 000000 5.92e-06 5.95e-06 5.61e-06 5.81e-06	
20190604 000000 5.77e-06 5.99e-06 5.36e-06 5.92e-06	
20190603 000000 5.97e-06 6.04e-06 5.72e-06 5.81e-06	
20190602 000000 6.24e-06 6.28e-06 5.81e-06 5.95e-06	
20190601 000000 6.21e-06 6.4e-06 6e-06 6.2e-06	
20190531 000000 6.42e-06 6.45e-06 6.01e-06 6.21e-06	
20190530 000000 6.16e-06 6.47e-06 6e-06 6.42e-06	
20190529 000000 5.96e-06 6.3e-06 5.84e-06 6.17e-06	
20190528 000000 5.8e-06 6.22e-06 5.46e-06 5.98e-06	
20190527 000000 6.02e-06 6.05e-06 5.19e-06 5.81e-06	
20190526 000000 5.97e-06 6.14e-06 5.84e-06 6.02e-06	
20190525 000000 5.78e-06 6.08e-06 5.6e-06 5.98e-06	
20190524 000000 5.88e-06 6.21e-06 5.34e-06 5.78e-06	
20190523 000000 5.79e-06 6.4e-06 5.61e-06 5.88e-06	
20190522 000000 5.48e-06 6.34e-06 5.2e-06 5.76e-06	
20190521 000000 5.73e-06 5.75e-06 5.41e-06 5.48e-06	
20190520 000000 5.8e-06 5.8e-06 4.98e-06 5.72e-06	
20190519 000000 6.37e-06 6.54e-06 5.5e-06 5.8e-06	
20190518 000000 6.92e-06 7.1e-06 6.1e-06 6.37e-06	
20190517 000000 6.84e-06 7.1e-06 6.39e-06 6.93e-06	
20190516 000000 6.52e-06 7e-06 5.55e-06 6.84e-06	
20190515 000000 6.15e-06 6.61e-06 5.7e-06 6.5e-06	
20190514 000000 7.04e-06 7.21e-06 6.1e-06 6.16e-06	
20190513 000000 7.29e-06 7.45e-06 6.71e-06 7.04e-06	
