20190611 000000 0.00047697 0.00050874 0.00044476 0.00045696	
20190610 000000 0.00042046 0.00048 0.00041872 0.00047822	
20190609 000000 0.00042065 0.00044257 0.00041014 0.00042046	
20190608 000000 0.00040604 0.0004335 0.0003995 0.00042103	
20190607 000000 0.00040637 0.00042 0.00039577 0.00040585	
20190606 000000 0.00039802 0.00040587 0.00039165 0.00040462	
20190605 000000 0.00041141 0.00042518 0.00038932 0.00039782	
20190604 000000 0.00040118 0.00041376 0.00039423 0.00041078	
20190603 000000 0.00040445 0.00041551 0.0004 0.00040118	
20190602 000000 0.00041179 0.00041666 0.00040186 0.00040459	
20190601 000000 0.00040574 0.00042946 0.00040279 0.00041187	
20190531 000000 0.00042313 0.00043174 0.0004 0.00040571	
20190530 000000 0.00042103 0.00043816 0.00040643 0.00042425	
20190529 000000 0.00042981 0.0004315 0.00040886 0.00042103	
20190528 000000 0.00043515 0.00043816 0.00042006 0.00043013	
20190527 000000 0.00045766 0.000463 0.00042732 0.00043457	
20190526 000000 0.00045869 0.00047342 0.00045546 0.00045759	
20190525 000000 0.00047857 0.0004836 0.00045286 0.00045931	
20190524 000000 0.00048409 0.00049999 0.0004646 0.00047695	
20190523 000000 0.00044629 0.0005793 0.00043378 0.00048577	
20190522 000000 0.00043843 0.00045684 0.00043682 0.00044636	
20190521 000000 0.00043817 0.00045361 0.00042125 0.00043822	
20190520 000000 0.0004417 0.00044739 0.00042516 0.00043817	
20190519 000000 0.00046499 0.00046672 0.00043452 0.00044182	
20190518 000000 0.00046755 0.000495 0.00046022 0.00046474	
20190517 000000 0.00047506 0.00049363 0.00045002 0.00046749	
20190516 000000 0.00045692 0.00050959 0.00044 0.00047507	
20190515 000000 0.00042212 0.00046075 0.00041988 0.00045548	
20190514 000000 0.00041845 0.00043459 0.00039154 0.00042212	
20190513 000000 0.00046562 0.00046825 0.00040983 0.00042052	
