20190611 000000 2.626e-05 2.684e-05 2.559e-05 2.61e-05	
20190610 000000 2.475e-05 2.855e-05 2.418e-05 2.622e-05	
20190609 000000 2.51e-05 2.572e-05 2.427e-05 2.475e-05	
20190608 000000 2.593e-05 2.615e-05 2.404e-05 2.513e-05	
20190607 000000 2.473e-05 2.632e-05 2.41e-05 2.592e-05	
20190606 000000 2.333e-05 2.513e-05 2.302e-05 2.468e-05	
20190605 000000 2.431e-05 2.452e-05 2.324e-05 2.335e-05	
20190604 000000 2.425e-05 2.47e-05 2.338e-05 2.431e-05	
20190603 000000 2.474e-05 2.669e-05 2.4e-05 2.425e-05	
20190602 000000 2.493e-05 2.598e-05 2.458e-05 2.473e-05	
20190601 000000 2.606e-05 2.689e-05 2.466e-05 2.492e-05	
20190531 000000 2.693e-05 2.737e-05 2.506e-05 2.603e-05	
20190530 000000 2.746e-05 2.802e-05 2.662e-05 2.689e-05	
20190529 000000 2.824e-05 2.859e-05 2.704e-05 2.746e-05	
20190528 000000 2.776e-05 3.068e-05 2.716e-05 2.825e-05	
20190527 000000 2.923e-05 2.967e-05 2.703e-05 2.78e-05	
20190526 000000 3.088e-05 3.271e-05 2.883e-05 2.925e-05	
20190525 000000 3.318e-05 3.4e-05 3.03e-05 3.09e-05	
20190524 000000 2.88e-05 3.808e-05 2.821e-05 3.318e-05	
20190523 000000 2.762e-05 2.925e-05 2.733e-05 2.882e-05	
20190522 000000 2.733e-05 2.943e-05 2.719e-05 2.761e-05	
20190521 000000 2.776e-05 2.793e-05 2.673e-05 2.734e-05	
20190520 000000 2.777e-05 2.918e-05 2.639e-05 2.776e-05	
20190519 000000 2.73e-05 2.824e-05 2.607e-05 2.772e-05	
20190518 000000 2.66e-05 2.967e-05 2.64e-05 2.729e-05	
20190517 000000 2.83e-05 2.858e-05 2.574e-05 2.662e-05	
20190516 000000 2.625e-05 2.887e-05 2.567e-05 2.827e-05	
20190515 000000 2.214e-05 2.689e-05 2.212e-05 2.616e-05	
20190514 000000 2.287e-05 2.309e-05 2.169e-05 2.215e-05	
20190513 000000 2.356e-05 2.467e-05 2.222e-05 2.282e-05	
