20190611 000000 6.699e-05 6.707e-05 6.399e-05 6.472e-05	
20190610 000000 6.646e-05 6.819e-05 6.367e-05 6.69e-05	
20190609 000000 6.92e-05 6.992e-05 6.584e-05 6.649e-05	
20190608 000000 7.116e-05 8.105e-05 6.885e-05 6.913e-05	
20190607 000000 6.577e-05 7.792e-05 6.418e-05 7.109e-05	
20190606 000000 5.918e-05 7.055e-05 5.897e-05 6.581e-05	
20190605 000000 5.869e-05 5.955e-05 5.627e-05 5.908e-05	
20190604 000000 5.405e-05 6.2e-05 5.371e-05 5.884e-05	
20190603 000000 5.587e-05 5.67e-05 5.31e-05 5.416e-05	
20190602 000000 5.395e-05 5.706e-05 5.361e-05 5.597e-05	
20190601 000000 5.406e-05 5.649e-05 5.307e-05 5.388e-05	
20190531 000000 5.562e-05 5.772e-05 5.306e-05 5.406e-05	
20190530 000000 5.533e-05 5.951e-05 5.514e-05 5.56e-05	
20190529 000000 5.657e-05 5.728e-05 5.411e-05 5.53e-05	
20190528 000000 5.392e-05 5.778e-05 5.39e-05 5.682e-05	
20190527 000000 5.958e-05 5.982e-05 5.329e-05 5.391e-05	
20190526 000000 5.975e-05 6.124e-05 5.811e-05 5.958e-05	
20190525 000000 6.079e-05 6.31e-05 5.874e-05 5.985e-05	
20190524 000000 6.38e-05 6.46e-05 6.024e-05 6.071e-05	
20190523 000000 6.302e-05 7.109e-05 6.217e-05 6.382e-05	
20190522 000000 5.925e-05 6.409e-05 5.796e-05 6.299e-05	
20190521 000000 5.817e-05 5.941e-05 5.541e-05 5.926e-05	
20190520 000000 6.039e-05 6.086e-05 5.662e-05 5.809e-05	
20190519 000000 6.395e-05 6.952e-05 5.94e-05 6.04e-05	
20190518 000000 6.029e-05 6.706e-05 5.951e-05 6.396e-05	
20190517 000000 6.155e-05 6.376e-05 5.942e-05 6.05e-05	
20190516 000000 5.685e-05 6.27e-05 5.569e-05 6.175e-05	
20190515 000000 5.2e-05 5.889e-05 5.165e-05 5.678e-05	
20190514 000000 5.434e-05 5.443e-05 4.983e-05 5.209e-05	
20190513 000000 5.844e-05 6.019e-05 5.431e-05 5.455e-05	
