20190611 000000 0.00080391 0.00080887 0.00079507 0.00079792	
20190610 000000 0.00079928 0.00081453 0.00078304 0.00080366	
20190609 000000 0.00080482 0.00081888 0.00079113 0.00079943	
20190608 000000 0.00081447 0.00084114 0.00080197 0.00080524	
20190607 000000 0.00080273 0.00082388 0.00079004 0.00081392	
20190606 000000 0.00081121 0.00082997 0.00079795 0.000803	
20190605 000000 0.00084801 0.00085173 0.00079848 0.00081153	
20190604 000000 0.00085772 0.00086466 0.0008051 0.00084775	
20190603 000000 0.00088728 0.00089076 0.00085164 0.00085766	
20190602 000000 0.00096114 0.00097752 0.00087654 0.00088689	
20190601 000000 0.00093152 0.00101636 0.00092216 0.00096055	
20190531 000000 0.000933 0.000956 0.00084 0.00093072	
20190530 000000 0.00093803 0.00094283 0.00091 0.00093309	
20190529 000000 0.00091657 0.00094231 0.00088724 0.00093779	
20190528 000000 0.000844 0.00094118 0.0008419 0.00091621	
20190527 000000 0.00079174 0.0008495 0.00077035 0.00084384	
20190526 000000 0.00079255 0.00079788 0.00078516 0.00079182	
20190525 000000 0.00079421 0.00081619 0.00078567 0.00079249	
20190524 000000 0.00076131 0.00080383 0.00075436 0.00079438	
20190523 000000 0.00079186 0.00079309 0.00075178 0.00076112	
20190522 000000 0.00078928 0.00079535 0.00078524 0.00079186	
20190521 000000 0.00079006 0.00080328 0.00077829 0.00078949	
20190520 000000 0.00079146 0.00080057 0.00078019 0.0007899	
20190519 000000 0.00080816 0.00081448 0.00078404 0.00079156	
20190518 000000 0.00082066 0.00082805 0.00080355 0.00080817	
20190517 000000 0.00083984 0.00084313 0.00080291 0.00082045	
20190516 000000 0.00078079 0.00084042 0.00076691 0.00083965	
20190515 000000 0.00072169 0.00078737 0.00071828 0.00078054	
20190514 000000 0.00072719 0.000777 0.00070048 0.00072126	
20190513 000000 0.00076761 0.0007735 0.00071057 0.00072747	
