20190611 000000 0.001036 0.001043 0.001029 0.001035	
20190610 000000 0.00106 0.001069 0.001033 0.001035	
20190609 000000 0.001056 0.001077 0.001031 0.00106	
20190608 000000 0.001015 0.001107 0.001013 0.001056	
20190607 000000 0.001002 0.001026 0.000975 0.001015	
20190606 000000 0.001027 0.001047 0.001 0.001002	
20190605 000000 0.001131 0.001144 0.000997 0.001028	
20190604 000000 0.001133 0.001168 0.001096 0.00113	
20190603 000000 0.001068 0.001158 0.001058 0.001134	
20190602 000000 0.001013 0.001094 0.000995 0.001067	
20190601 000000 0.000987 0.001037 0.000979 0.001014	
20190531 000000 0.00098 0.001014 0.000953 0.000988	
20190530 000000 0.000958 0.001025 0.000939 0.00098	
20190529 000000 0.000938 0.000967 0.000905 0.000959	
20190528 000000 0.000896 0.000966 0.000874 0.000939	
20190527 000000 0.000902 0.000907 0.000858 0.000895	
20190526 000000 0.000901 0.000909 0.000893 0.000903	
20190525 000000 0.000905 0.000921 0.000898 0.000902	
20190524 000000 0.000888 0.00092 0.000882 0.000905	
20190523 000000 0.000926 0.00093 0.000882 0.000888	
20190522 000000 0.000932 0.000963 0.00092 0.000925	
20190521 000000 0.000941 0.000949 0.000921 0.000932	
20190520 000000 0.000959 0.000973 0.000923 0.00094	
20190519 000000 0.000998 0.001012 0.000958 0.00096	
20190518 000000 0.000984 0.001008 0.00096 0.000999	
20190517 000000 0.001007 0.001008 0.000958 0.000984	
20190516 000000 0.000912 0.001028 0.00089 0.001008	
20190515 000000 0.000799 0.000915 0.000796 0.000912	
20190514 000000 0.000792 0.000835 0.000759 0.0008	
20190513 000000 0.000846 0.00087 0.000789 0.00079	
