20190611 000000 0.030632 0.031139 0.030589 0.030815	
20190610 000000 0.030554 0.031092 0.030003 0.030632	
20190609 000000 0.031051 0.031112 0.0304 0.030554	
20190608 000000 0.031346 0.031454 0.031024 0.031061	
20190607 000000 0.03158 0.032092 0.031121 0.031345	
20190606 000000 0.031338 0.031842 0.031286 0.031577	
20190605 000000 0.031328 0.031675 0.030945 0.031342	
20190604 000000 0.030638 0.031389 0.030348 0.031324	
20190603 000000 0.030859 0.031103 0.030515 0.030625	
20190602 000000 0.031147 0.031368 0.030838 0.030859	
20190601 000000 0.030854 0.032137 0.030622 0.031139	
20190531 000000 0.032095 0.032098 0.029716 0.030852	
20190530 000000 0.031284 0.033162 0.031022 0.032098	
20190529 000000 0.031161 0.031505 0.030769 0.031284	
20190528 000000 0.030585 0.031416 0.03044 0.031166	
20190527 000000 0.031155 0.031366 0.03013 0.030595	
20190526 000000 0.03131 0.031368 0.030925 0.031147	
20190525 000000 0.031287 0.031895 0.031063 0.031311	
20190524 000000 0.031195 0.031661 0.030815 0.031282	
20190523 000000 0.032144 0.03222 0.030744 0.031195	
20190522 000000 0.031723 0.03274 0.03169 0.032146	
20190521 000000 0.03164 0.032222 0.03139 0.031725	
20190520 000000 0.032013 0.032319 0.031095 0.031645	
20190519 000000 0.03249 0.032711 0.031603 0.032001	
20190518 000000 0.032374 0.033397 0.031973 0.032499	
20190517 000000 0.034635 0.034666 0.031559 0.032374	
20190516 000000 0.029798 0.03482 0.029084 0.034635	
20190515 000000 0.025631 0.029835 0.025631 0.0298	
20190514 000000 0.025825 0.026574 0.0246 0.025644	
20190513 000000 0.026998 0.027224 0.025325 0.025831	
