20190611 000000 0.00010763 0.0001088 0.00010385 0.00010537	
20190610 000000 0.00010538 0.00011307 9.813e-05 0.00010763	
20190609 000000 0.00011052 0.00011319 0.00010345 0.00010495	
20190608 000000 9.382e-05 0.00011503 9.369e-05 0.00011061	
20190607 000000 9.375e-05 0.00010127 9.208e-05 9.387e-05	
20190606 000000 8.891e-05 9.588e-05 8.879e-05 9.421e-05	
20190605 000000 9.234e-05 9.27e-05 8.815e-05 8.892e-05	
20190604 000000 9.389e-05 9.587e-05 8.757e-05 9.257e-05	
20190603 000000 9.293e-05 0.0001029 9.113e-05 9.394e-05	
20190602 000000 8.826e-05 0.0001068 8.73e-05 9.273e-05	
20190601 000000 8.707e-05 9e-05 8.451e-05 8.826e-05	
20190531 000000 8.452e-05 8.967e-05 8.284e-05 8.707e-05	
20190530 000000 8.637e-05 9.542e-05 8.374e-05 8.506e-05	
20190529 000000 8.762e-05 9.111e-05 8.433e-05 8.634e-05	
20190528 000000 8.063e-05 9.167e-05 7.943e-05 8.758e-05	
20190527 000000 9.264e-05 9.352e-05 8.045e-05 8.088e-05	
20190526 000000 9.078e-05 9.658e-05 8.97e-05 9.27e-05	
20190525 000000 9.247e-05 9.586e-05 8.813e-05 9.064e-05	
20190524 000000 0.00010631 0.00011241 9.109e-05 9.295e-05	
20190523 000000 9.456e-05 0.00012837 9.272e-05 0.00010582	
20190522 000000 8.687e-05 9.472e-05 8.566e-05 9.457e-05	
20190521 000000 8.7e-05 9.087e-05 8.411e-05 8.688e-05	
20190520 000000 8.761e-05 9.048e-05 8.297e-05 8.7e-05	
20190519 000000 9.4e-05 9.83e-05 8.591e-05 8.761e-05	
20190518 000000 9.44e-05 0.00010114 9.129e-05 9.404e-05	
20190517 000000 9.302e-05 9.647e-05 8.724e-05 9.44e-05	
20190516 000000 9.679e-05 0.0001028 8.722e-05 9.259e-05	
20190515 000000 8.483e-05 0.0001053 8.389e-05 9.681e-05	
20190514 000000 8.813e-05 9.068e-05 8.121e-05 8.482e-05	
20190513 000000 9.499e-05 0.00010501 8.634e-05 8.811e-05	
