20190611 000000 4.46e-07 4.899e-07 4.422e-07 4.58e-07	
20190610 000000 4.51e-07 4.683e-07 4.183e-07 4.48e-07	
20190609 000000 4.764e-07 4.846e-07 4.4e-07 4.53e-07	
20190608 000000 4.711e-07 4.841e-07 4.272e-07 4.765e-07	
20190607 000000 4.381e-07 5.295e-07 4.05e-07 4.712e-07	
20190606 000000 3.805e-07 4.486e-07 3.8e-07 4.383e-07	
20190605 000000 3.94e-07 4.1e-07 3.798e-07 3.805e-07	
20190604 000000 3.732e-07 3.949e-07 3.592e-07 3.941e-07	
20190603 000000 4.109e-07 4.119e-07 3.679e-07 3.821e-07	
20190602 000000 3.785e-07 4.115e-07 3.66e-07 4.11e-07	
20190601 000000 3.714e-07 3.836e-07 3.554e-07 3.784e-07	
20190531 000000 3.72e-07 4.23e-07 3.503e-07 3.714e-07	
20190530 000000 3.778e-07 3.99e-07 3.6e-07 3.721e-07	
20190529 000000 3.81e-07 3.98e-07 3.629e-07 3.778e-07	
20190528 000000 3.634e-07 3.999e-07 3.52e-07 3.81e-07	
20190527 000000 3.994e-07 4.1e-07 3.447e-07 3.633e-07	
20190526 000000 4.058e-07 4.39e-07 3.91e-07 3.994e-07	
20190525 000000 4.183e-07 4.34e-07 3.9e-07 4.05e-07	
20190524 000000 4.132e-07 4.496e-07 4.045e-07 4.184e-07	
20190523 000000 3.986e-07 4.164e-07 3.904e-07 4.132e-07	
20190522 000000 4.133e-07 4.173e-07 3.85e-07 3.985e-07	
20190521 000000 4.089e-07 4.299e-07 3.845e-07 4.169e-07	
20190520 000000 4.221e-07 4.235e-07 3.84e-07 4.09e-07	
20190519 000000 4.318e-07 4.57e-07 4.068e-07 4.222e-07	
20190518 000000 4.568e-07 4.648e-07 4.063e-07 4.319e-07	
20190517 000000 3.898e-07 6.359e-07 3.833e-07 4.568e-07	
20190516 000000 3.759e-07 4.168e-07 3.677e-07 3.899e-07	
20190515 000000 3.543e-07 3.802e-07 3.466e-07 3.76e-07	
20190514 000000 3.912e-07 3.919e-07 3.377e-07 3.52e-07	
20190513 000000 4.28e-07 4.329e-07 3.76e-07 3.913e-07	
