20190611 000000 2.35e-07 2.44e-07 2.237e-07 2.36e-07	
20190610 000000 2.35e-07 2.43e-07 2.21e-07 2.358e-07	
20190609 000000 2.66e-07 2.67e-07 2.29e-07 2.35e-07	
20190608 000000 2.769e-07 2.801e-07 2.4e-07 2.67e-07	
20190607 000000 3.2e-07 3.247e-07 2.6e-07 2.769e-07	
20190606 000000 2.105e-07 3.438e-07 2.082e-07 3.2e-07	
20190605 000000 2.19e-07 2.324e-07 2.004e-07 2.119e-07	
20190604 000000 2.23e-07 2.583e-07 2.157e-07 2.2e-07	
20190603 000000 2.502e-07 2.556e-07 2.264e-07 2.309e-07	
20190602 000000 2.65e-07 2.673e-07 2.447e-07 2.5e-07	
20190601 000000 2.7e-07 2.777e-07 2.536e-07 2.66e-07	
20190531 000000 2.74e-07 2.808e-07 2.615e-07 2.7e-07	
20190530 000000 2.963e-07 2.997e-07 2.637e-07 2.73e-07	
20190529 000000 2.87e-07 3.116e-07 2.804e-07 2.963e-07	
20190528 000000 2.63e-07 3.219e-07 2.534e-07 2.86e-07	
20190527 000000 2.943e-07 2.992e-07 2.42e-07 2.62e-07	
20190526 000000 3.11e-07 3.13e-07 2.92e-07 2.94e-07	
20190525 000000 2.833e-07 3.831e-07 2.65e-07 3.11e-07	
20190524 000000 3.891e-07 3.893e-07 2.838e-07 2.883e-07	
20190523 000000 4.2e-07 4.201e-07 3.71e-07 3.891e-07	
20190522 000000 4.079e-07 5.326e-07 3.8e-07 4.2e-07	
20190521 000000 4.962e-07 4.97e-07 3.87e-07 4.079e-07	
20190520 000000 6.44e-07 6.598e-07 4.508e-07 4.93e-07	
20190519 000000 5.51e-07 8.627e-07 4.56e-07 6.438e-07	
20190518 000000 5.521e-07 7.355e-07 4e-07 5.565e-07	
20190517 000000 1.7e-07 6e-07 1.559e-07 5.521e-07	
20190516 000000 1.409e-07 1.79e-07 1.403e-07 1.7e-07	
20190515 000000 1.332e-07 1.6e-07 1.265e-07 1.41e-07	
20190514 000000 1.54e-07 1.65e-07 1.21e-07 1.331e-07	
20190513 000000 1.605e-07 1.734e-07 1.53e-07 1.54e-07	
