20190611 000000 0.000391 0.000399 0.000387 0.000391	
20190610 000000 0.000397 0.000411 0.000387 0.000391	
20190609 000000 0.000407 0.00045 0.000385 0.000397	
20190608 000000 0.000375 0.000459 0.000367 0.000407	
20190607 000000 0.000369 0.000378 0.000365 0.000374	
20190606 000000 0.000369 0.000387 0.000364 0.000369	
20190605 000000 0.000385 0.000387 0.000366 0.00037	
20190604 000000 0.000382 0.000387 0.000375 0.000384	
20190603 000000 0.000388 0.000392 0.000378 0.000382	
20190602 000000 0.000388 0.000395 0.000387 0.000387	
20190601 000000 0.000389 0.000399 0.000382 0.000388	
20190531 000000 0.000401 0.000401 0.000377 0.000389	
20190530 000000 0.000399 0.000415 0.000394 0.0004	
20190529 000000 0.000363 0.000415 0.000363 0.000398	
20190528 000000 0.000365 0.000378 0.000359 0.000363	
20190527 000000 0.000377 0.000411 0.000344 0.000365	
20190526 000000 0.000382 0.00041 0.00037 0.000378	
20190525 000000 0.000376 0.000405 0.000375 0.000383	
20190524 000000 0.000381 0.000445 0.000368 0.000377	
20190523 000000 0.000352 0.000445 0.00035 0.000381	
20190522 000000 0.000348 0.000368 0.000344 0.000352	
20190521 000000 0.00035 0.00037 0.000335 0.000348	
20190520 000000 0.000334 0.000357 0.000321 0.000351	
20190519 000000 0.000357 0.000359 0.00033 0.000333	
20190518 000000 0.000359 0.000372 0.000352 0.000357	
20190517 000000 0.000376 0.000382 0.000351 0.000361	
20190516 000000 0.00038 0.00041 0.000358 0.000376	
20190515 000000 0.00034 0.000399 0.000336 0.00038	
20190514 000000 0.000344 0.000344 0.000317 0.000341	
20190513 000000 0.000351 0.000371 0.000339 0.000343	
