20190611 000000 3.3412e-06 3.4432e-06 2.3499e-06 2.4e-06	
20190610 000000 6.5954e-06 6.98e-06 2.5e-06 3.3412e-06	
20190609 000000 6.41e-06 7.3599e-06 5.7516e-06 6.569e-06	
20190608 000000 7.0617e-06 9.515e-06 5.4593e-06 6.4002e-06	
20190607 000000 4.245e-06 7.3998e-06 4.1493e-06 7.097e-06	
20190606 000000 3.348e-06 4.85e-06 2.9003e-06 4.242e-06	
20190605 000000 2.161e-06 4e-06 2.0255e-06 3.3274e-06	
20190604 000000 1.7782e-06 2.4875e-06 1.557e-06 2.1709e-06	
20190603 000000 1.349e-06 1.7137e-06 1.235e-06 1.551e-06	
20190602 000000 1.452e-06 1.471e-06 1.2973e-06 1.35e-06	
20190601 000000 1.437e-06 1.4758e-06 1.2671e-06 1.453e-06	
20190531 000000 1.303e-06 1.59e-06 1.1753e-06 1.429e-06	
20190530 000000 1.19e-06 1.55e-06 1.1264e-06 1.3035e-06	
20190529 000000 8.98e-07 1.35e-06 8.96e-07 1.1857e-06	
20190528 000000 9.05e-07 9.979e-07 8.1e-07 8.96e-07	
20190527 000000 9.66e-07 9.814e-07 8.1e-07 9.05e-07	
20190526 000000 9.62e-07 1.0518e-06 9.342e-07 9.7e-07	
20190525 000000 9.84e-07 9.892e-07 9.578e-07 9.62e-07	
20190524 000000 1.081e-06 1.0928e-06 9.294e-07 9.83e-07	
20190523 000000 9.13e-07 1.086e-06 8.806e-07 1.076e-06	
20190522 000000 8.93e-07 9.292e-07 8.703e-07 9.13e-07	
20190521 000000 9.35e-07 9.401e-07 8.863e-07 8.93e-07	
20190520 000000 9.97e-07 1.001e-06 8.806e-07 9.35e-07	
20190519 000000 9.42e-07 1.1623e-06 8.6e-07 9.97e-07	
20190518 000000 9.07e-07 1.2182e-06 9.07e-07 9.42e-07	
20190517 000000 8.13e-07 9.181e-07 7.911e-07 9.08e-07	
20190516 000000 8.47e-07 8.86e-07 7.5e-07 8.13e-07	
20190515 000000 7.81e-07 8.9e-07 7.51e-07 8.47e-07	
20190514 000000 7.99e-07 8.53e-07 7.42e-07 7.83e-07	
20190513 000000 8.78e-07 8.88e-07 7.901e-07 7.901e-07	
