20190611 000000 1.167e-05 1.4e-05 1.16e-05 1.307e-05	
20190610 000000 1.174e-05 1.205e-05 1.143e-05 1.167e-05	
20190609 000000 1.208e-05 1.24e-05 1.16e-05 1.176e-05	
20190608 000000 1.128e-05 1.339e-05 1.117e-05 1.201e-05	
20190607 000000 1.111e-05 1.192e-05 1.096e-05 1.132e-05	
20190606 000000 1.098e-05 1.124e-05 1.091e-05 1.106e-05	
20190605 000000 1.1e-05 1.135e-05 1.078e-05 1.096e-05	
20190604 000000 1.129e-05 1.136e-05 1.07e-05 1.107e-05	
20190603 000000 1.113e-05 1.182e-05 1.098e-05 1.13e-05	
20190602 000000 1.112e-05 1.129e-05 1.089e-05 1.114e-05	
20190601 000000 1.127e-05 1.156e-05 1.098e-05 1.109e-05	
20190531 000000 1.191e-05 1.201e-05 1.11e-05 1.126e-05	
20190530 000000 1.226e-05 1.246e-05 1.182e-05 1.189e-05	
20190529 000000 1.161e-05 1.246e-05 1.143e-05 1.221e-05	
20190528 000000 1.143e-05 1.177e-05 1.119e-05 1.161e-05	
20190527 000000 1.199e-05 1.218e-05 1.108e-05 1.143e-05	
20190526 000000 1.201e-05 1.251e-05 1.172e-05 1.2e-05	
20190525 000000 1.194e-05 1.253e-05 1.156e-05 1.199e-05	
20190524 000000 1.122e-05 1.423e-05 1.1e-05 1.194e-05	
20190523 000000 1.146e-05 1.189e-05 1.084e-05 1.121e-05	
20190522 000000 1.164e-05 1.26e-05 1.132e-05 1.141e-05	
20190521 000000 1.121e-05 1.254e-05 1.102e-05 1.164e-05	
20190520 000000 1.132e-05 1.162e-05 1.08e-05 1.123e-05	
20190519 000000 1.193e-05 1.231e-05 1.118e-05 1.131e-05	
20190518 000000 1.151e-05 1.245e-05 1.143e-05 1.194e-05	
20190517 000000 1.233e-05 1.258e-05 1.109e-05 1.156e-05	
20190516 000000 1.058e-05 1.599e-05 1.048e-05 1.233e-05	
20190515 000000 9.47e-06 1.062e-05 9.45e-06 1.058e-05	
20190514 000000 9.36e-06 9.79e-06 8.96e-06 9.43e-06	
20190513 000000 1.018e-05 1.039e-05 9.31e-06 9.36e-06	
