20190611 000000 5.468e-05 5.844e-05 5.402e-05 5.593e-05	
20190610 000000 5.294e-05 5.667e-05 5.165e-05 5.459e-05	
20190609 000000 5.258e-05 5.751e-05 5.223e-05 5.3e-05	
20190608 000000 5.216e-05 5.77e-05 5.091e-05 5.283e-05	
20190607 000000 5.167e-05 5.341e-05 5.02e-05 5.232e-05	
20190606 000000 4.979e-05 5.301e-05 4.925e-05 5.156e-05	
20190605 000000 4.996e-05 5.435e-05 4.823e-05 4.978e-05	
20190604 000000 4.921e-05 4.998e-05 4.775e-05 4.983e-05	
20190603 000000 4.963e-05 5.083e-05 4.856e-05 4.912e-05	
20190602 000000 4.825e-05 5.051e-05 4.787e-05 4.963e-05	
20190601 000000 4.888e-05 5.077e-05 4.767e-05 4.837e-05	
20190531 000000 5.045e-05 5.179e-05 4.757e-05 4.884e-05	
20190530 000000 5.17e-05 5.347e-05 5.045e-05 5.045e-05	
20190529 000000 5.132e-05 5.785e-05 5.047e-05 5.174e-05	
20190528 000000 5.139e-05 5.24e-05 5.008e-05 5.128e-05	
20190527 000000 5.583e-05 5.611e-05 5.038e-05 5.145e-05	
20190526 000000 5.723e-05 6.195e-05 5.435e-05 5.576e-05	
20190525 000000 5.341e-05 6.153e-05 5.256e-05 5.743e-05	
20190524 000000 5.401e-05 5.757e-05 5.3e-05 5.352e-05	
20190523 000000 5.386e-05 5.8e-05 5.191e-05 5.401e-05	
20190522 000000 5.269e-05 5.898e-05 5.256e-05 5.376e-05	
20190521 000000 4.975e-05 5.951e-05 4.873e-05 5.249e-05	
20190520 000000 4.999e-05 5.186e-05 4.874e-05 4.989e-05	
20190519 000000 5.246e-05 5.372e-05 4.96e-05 4.999e-05	
20190518 000000 5.307e-05 5.604e-05 5.18e-05 5.269e-05	
20190517 000000 5.404e-05 5.558e-05 4.971e-05 5.307e-05	
20190516 000000 5.004e-05 5.831e-05 4.944e-05 5.354e-05	
20190515 000000 4.873e-05 5.214e-05 4.652e-05 5.007e-05	
20190514 000000 4.84e-05 5.184e-05 4.42e-05 4.778e-05	
20190513 000000 5.048e-05 5.235e-05 4.673e-05 4.841e-05	
