20190611 000000 1.597e-06 1.67e-06 1.4185e-06 1.51e-06	
20190610 000000 1.765e-06 1.774e-06 1.468e-06 1.596e-06	
20190609 000000 2.0553e-06 2.34e-06 1.6647e-06 1.768e-06	
20190608 000000 1.336e-06 2.54e-06 1.318e-06 2.042e-06	
20190607 000000 1.423e-06 1.4569e-06 1.2386e-06 1.334e-06	
20190606 000000 1.2683e-06 1.648e-06 1.2564e-06 1.4577e-06	
20190605 000000 1.031e-06 1.334e-06 1.004e-06 1.2683e-06	
20190604 000000 9.96e-07 1.0378e-06 9.938e-07 1.029e-06	
20190603 000000 1.018e-06 1.0241e-06 9.93e-07 1.01e-06	
20190602 000000 1.004e-06 1.14e-06 9.779e-07 1.018e-06	
20190601 000000 1e-06 1.0399e-06 9.938e-07 1.002e-06	
20190531 000000 1.055e-06 1.059e-06 9.734e-07 9.98e-07	
20190530 000000 1.073e-06 1.0875e-06 1.0405e-06 1.055e-06	
20190529 000000 1.097e-06 1.126e-06 9.712e-07 1.072e-06	
20190528 000000 1.059e-06 1.3391e-06 1.059e-06 1.094e-06	
20190527 000000 1.101e-06 1.2999e-06 1.0349e-06 1.059e-06	
20190526 000000 1.126e-06 1.143e-06 1.0959e-06 1.104e-06	
20190525 000000 1.148e-06 1.1564e-06 1.067e-06 1.126e-06	
20190524 000000 1.088e-06 1.163e-06 1.0458e-06 1.148e-06	
20190523 000000 1.055e-06 1.152e-06 1.039e-06 1.09e-06	
20190522 000000 1.028e-06 1.059e-06 1.0215e-06 1.054e-06	
20190521 000000 1.065e-06 1.067e-06 1.008e-06 1.027e-06	
20190520 000000 1.009e-06 1.23e-06 9.951e-07 1.065e-06	
20190519 000000 1.025e-06 1.03e-06 9.95e-07 1.009e-06	
20190518 000000 1.121e-06 1.122e-06 1.015e-06 1.025e-06	
20190517 000000 1.093e-06 1.1999e-06 1e-06 1.121e-06	
20190516 000000 9.64e-07 1.3e-06 9.45e-07 1.093e-06	
20190515 000000 8.42e-07 1.16e-06 8.28e-07 9.61e-07	
20190514 000000 9.64e-07 9.64e-07 8.109e-07 8.42e-07	
20190513 000000 1.008e-06 1.0652e-06 8.6e-07 9.64e-07	
