20190611 000000 1.548e-06 1.583e-06 1.4801e-06 1.504e-06	
20190610 000000 1.5349e-06 1.68e-06 1.472e-06 1.548e-06	
20190609 000000 1.4871e-06 1.6364e-06 1.446e-06 1.5349e-06	
20190608 000000 1.4802e-06 1.5231e-06 1.4428e-06 1.484e-06	
20190607 000000 1.4914e-06 1.5071e-06 1.4365e-06 1.484e-06	
20190606 000000 1.41e-06 1.515e-06 1.3851e-06 1.4914e-06	
20190605 000000 1.355e-06 1.4792e-06 1.3502e-06 1.4026e-06	
20190604 000000 1.344e-06 1.3909e-06 1.3147e-06 1.355e-06	
20190603 000000 1.3674e-06 1.3754e-06 1.331e-06 1.3509e-06	
20190602 000000 1.393e-06 1.4075e-06 1.346e-06 1.3674e-06	
20190601 000000 1.3955e-06 1.4825e-06 1.37e-06 1.393e-06	
20190531 000000 1.453e-06 1.4599e-06 1.3578e-06 1.3956e-06	
20190530 000000 1.3852e-06 1.5075e-06 1.3701e-06 1.453e-06	
20190529 000000 1.363e-06 1.4264e-06 1.3387e-06 1.3852e-06	
20190528 000000 1.384e-06 1.4361e-06 1.3261e-06 1.3625e-06	
20190527 000000 1.5197e-06 1.5454e-06 1.3756e-06 1.386e-06	
20190526 000000 1.4105e-06 1.5471e-06 1.3898e-06 1.4996e-06	
20190525 000000 1.4147e-06 1.4567e-06 1.3836e-06 1.4105e-06	
20190524 000000 1.4348e-06 1.4646e-06 1.3701e-06 1.4147e-06	
20190523 000000 1.448e-06 1.5471e-06 1.3832e-06 1.4352e-06	
20190522 000000 1.4709e-06 1.5888e-06 1.4286e-06 1.447e-06	
20190521 000000 1.4365e-06 1.506e-06 1.3799e-06 1.469e-06	
20190520 000000 1.504e-06 1.506e-06 1.4285e-06 1.4362e-06	
20190519 000000 1.5421e-06 1.5784e-06 1.45e-06 1.501e-06	
20190518 000000 1.5005e-06 1.6472e-06 1.4775e-06 1.5425e-06	
20190517 000000 1.5411e-06 1.5992e-06 1.4004e-06 1.5006e-06	
20190516 000000 1.4907e-06 1.6898e-06 1.4015e-06 1.541e-06	
20190515 000000 1.3591e-06 1.5758e-06 1.3204e-06 1.4423e-06	
20190514 000000 1.326e-06 1.44e-06 1.2604e-06 1.3592e-06	
20190513 000000 1.4584e-06 1.5e-06 1.3004e-06 1.324e-06	
