20190611 000000 6.78e-08 7.95e-08 6.4e-08 7.2e-08	
20190610 000000 7e-08 7.1e-08 6.6e-08 6.78e-08	
20190609 000000 6.8e-08 7.67e-08 6.54e-08 7e-08	
20190608 000000 6.58e-08 6.97e-08 6.21e-08 6.8e-08	
20190607 000000 6.88e-08 7.53e-08 6.31e-08 6.58e-08	
20190606 000000 6.2e-08 6.88e-08 5.9e-08 6.88e-08	
20190605 000000 5.9e-08 6.4e-08 5.61e-08 6.2e-08	
20190604 000000 5.7e-08 6.38e-08 4.92e-08 5.91e-08	
20190603 000000 6.2e-08 6.3e-08 5.56e-08 5.7e-08	
20190602 000000 6.3e-08 6.47e-08 5.74e-08 6.3e-08	
20190601 000000 6.6e-08 7.01e-08 6.19e-08 6.3e-08	
20190531 000000 6.31e-08 7.12e-08 5.44e-08 6.6e-08	
20190530 000000 1.082e-07 1.099e-07 6.04e-08 6.37e-08	
20190529 000000 1.55e-07 1.81e-07 1e-07 1.082e-07	
20190528 000000 1.51e-07 1.58e-07 1.401e-07 1.54e-07	
20190527 000000 1.56e-07 1.58e-07 1.463e-07 1.51e-07	
20190526 000000 1.61e-07 1.62e-07 1.46e-07 1.55e-07	
20190525 000000 1.39e-07 1.759e-07 1.328e-07 1.59e-07	
20190524 000000 1.38e-07 1.435e-07 1.352e-07 1.39e-07	
20190523 000000 1.346e-07 1.389e-07 1.29e-07 1.38e-07	
20190522 000000 1.37e-07 1.485e-07 1.306e-07 1.35e-07	
20190521 000000 1.4e-07 1.576e-07 1.302e-07 1.37e-07	
20190520 000000 1.524e-07 1.528e-07 1.288e-07 1.4e-07	
20190519 000000 1.48e-07 1.596e-07 1.371e-07 1.5e-07	
20190518 000000 1.563e-07 1.63e-07 1.37e-07 1.48e-07	
20190517 000000 1.44e-07 1.76e-07 1.409e-07 1.57e-07	
20190516 000000 1.36e-07 1.465e-07 1.254e-07 1.44e-07	
20190515 000000 1.28e-07 1.38e-07 1.225e-07 1.36e-07	
20190514 000000 1.39e-07 1.429e-07 1.201e-07 1.28e-07	
20190513 000000 1.38e-07 1.468e-07 1.336e-07 1.39e-07	
