20190611 000000 0.00027556 0.00032172 0.00026125 0.00029104	
20190610 000000 0.00026198 0.00038 0.00025949 0.00027454	
20190609 000000 0.00018527 0.00027399 0.00018419 0.00026364	
20190608 000000 0.00018669 0.0001888 0.00018384 0.00018526	
20190607 000000 0.00018917 0.00019757 0.00018601 0.00018663	
20190606 000000 0.00017946 0.00020068 0.000176 0.00018905	
20190605 000000 0.00015451 0.00021132 0.00014625 0.00017955	
20190604 000000 0.00013169 0.000156 0.00013039 0.00015471	
20190603 000000 0.00013396 0.0001365 0.00013096 0.00013176	
20190602 000000 0.00013477 0.00013751 0.00013333 0.00013396	
20190601 000000 0.00013638 0.00013845 0.00013361 0.00013475	
20190531 000000 0.0001294 0.00014527 0.00012617 0.00013619	
20190530 000000 0.00012906 0.00013708 0.0001282 0.00012953	
20190529 000000 0.00013172 0.00013325 0.0001269 0.00012905	
20190528 000000 0.00013235 0.00013409 0.00012988 0.00013201	
20190527 000000 0.00014416 0.00014417 0.00012984 0.00013234	
20190526 000000 0.00013769 0.000145 0.00013608 0.00014416	
20190525 000000 0.0001403 0.00014419 0.00013692 0.00013748	
20190524 000000 0.00014146 0.00014452 0.00013945 0.00014037	
20190523 000000 0.00014001 0.00014624 0.000137 0.00014129	
20190522 000000 0.00014105 0.00014367 0.00013842 0.00014001	
20190521 000000 0.00013923 0.00014521 0.00013388 0.0001411	
20190520 000000 0.00013567 0.00015097 0.0001305 0.00013923	
20190519 000000 0.00014525 0.00014595 0.0001355 0.00013582	
20190518 000000 0.00014513 0.00015112 0.000142 0.00014528	
20190517 000000 0.00015126 0.00015216 0.00013629 0.00014512	
20190516 000000 0.00014951 0.000168 0.00014503 0.00015125	
20190515 000000 0.00013865 0.0001575 0.00013561 0.00014948	
20190514 000000 0.00014619 0.00014831 0.00013357 0.00013862	
20190513 000000 0.00014779 0.00015571 0.0001358 0.00014566	
