20190611 000000 0.0002907 0.00030369 0.00027171 0.00027886	
20190610 000000 0.00031463 0.00033731 0.000285 0.00029102	
20190609 000000 0.00029726 0.00038348 0.00029697 0.00031291	
20190608 000000 0.00026527 0.000311 0.00025578 0.00029787	
20190607 000000 0.00024835 0.00028969 0.0002464 0.00026535	
20190606 000000 0.0002311 0.00025188 0.00022217 0.00024804	
20190605 000000 0.00023313 0.00025 0.00022539 0.00023005	
20190604 000000 0.00020316 0.0002412 0.0001992 0.00023469	
20190603 000000 0.00020616 0.00021438 0.00019295 0.00020286	
20190602 000000 0.00020618 0.00021454 0.00019723 0.00020625	
20190601 000000 0.0001999 0.00023369 0.0001999 0.00020573	
20190531 000000 0.00017261 0.00022652 0.00016553 0.00021215	
20190530 000000 0.00015084 0.0001832 0.00014802 0.00017259	
20190529 000000 0.00014769 0.00015362 0.00014306 0.00015095	
20190528 000000 0.0001484 0.00015237 0.00014632 0.00014719	
20190527 000000 0.0001553 0.00015671 0.00014413 0.00014867	
20190526 000000 0.00015194 0.00015862 0.00015 0.00015513	
20190525 000000 0.00015538 0.00015879 0.00015152 0.00015194	
20190524 000000 0.00015609 0.00015895 0.00015262 0.00015538	
20190523 000000 0.00015926 0.00016484 0.00015442 0.000156	
20190522 000000 0.00016337 0.00016597 0.0001573 0.00015935	
20190521 000000 0.00016056 0.0001682 0.00015586 0.00016342	
20190520 000000 0.00016344 0.00016688 0.00015748 0.00016077	
20190519 000000 0.00017256 0.00017711 0.00016066 0.00016344	
20190518 000000 0.0001755 0.00018719 0.00016836 0.00017266	
20190517 000000 0.00017125 0.00020937 0.00016382 0.00017146	
20190516 000000 0.00016656 0.00018664 0.00016085 0.00017083	
20190515 000000 0.00014759 0.00016794 0.00014715 0.00016702	
20190514 000000 0.00014717 0.00015502 0.0001411 0.00014739	
20190513 000000 0.00016001 0.000169 0.00014425 0.00014735	
