20190611 000000 1.62e-08 1.67e-08 1.59e-08 1.6e-08	
20190610 000000 1.61e-08 1.74e-08 1.6e-08 1.62e-08	
20190609 000000 1.66e-08 1.7e-08 1.61e-08 1.61e-08	
20190608 000000 1.62e-08 1.68e-08 1.59e-08 1.65e-08	
20190607 000000 1.7e-08 1.76e-08 1.61e-08 1.62e-08	
20190606 000000 1.6e-08 1.71e-08 1.56e-08 1.7e-08	
20190605 000000 1.58e-08 1.75e-08 1.54e-08 1.6e-08	
20190604 000000 1.58e-08 1.59e-08 1.5e-08 1.58e-08	
20190603 000000 1.57e-08 1.59e-08 1.51e-08 1.58e-08	
20190602 000000 1.6e-08 1.62e-08 1.53e-08 1.57e-08	
20190601 000000 1.6e-08 1.65e-08 1.58e-08 1.6e-08	
20190531 000000 1.69e-08 1.72e-08 1.59e-08 1.6e-08	
20190530 000000 1.69e-08 1.73e-08 1.6e-08 1.69e-08	
20190529 000000 1.75e-08 1.76e-08 1.62e-08 1.69e-08	
20190528 000000 1.78e-08 1.79e-08 1.69e-08 1.73e-08	
20190527 000000 1.91e-08 1.92e-08 1.68e-08 1.78e-08	
20190526 000000 1.81e-08 1.92e-08 1.8e-08 1.89e-08	
20190525 000000 1.78e-08 2.1e-08 1.73e-08 1.81e-08	
20190524 000000 1.8e-08 1.89e-08 1.73e-08 1.78e-08	
20190523 000000 1.71e-08 1.95e-08 1.7e-08 1.8e-08	
20190522 000000 1.81e-08 1.9e-08 1.7e-08 1.72e-08	
20190521 000000 1.7e-08 1.83e-08 1.61e-08 1.8e-08	
20190520 000000 1.76e-08 1.87e-08 1.65e-08 1.7e-08	
20190519 000000 1.8e-08 1.83e-08 1.69e-08 1.76e-08	
20190518 000000 1.8e-08 1.9e-08 1.74e-08 1.8e-08	
20190517 000000 1.75e-08 1.9e-08 1.59e-08 1.8e-08	
20190516 000000 1.73e-08 2.01e-08 1.66e-08 1.74e-08	
20190515 000000 1.52e-08 1.81e-08 1.5e-08 1.73e-08	
20190514 000000 1.53e-08 1.6e-08 1.47e-08 1.52e-08	
20190513 000000 1.78e-08 1.78e-08 1.5e-08 1.57e-08	
