20190611 000000 7.915e-07 8.802e-07 7.501e-07 8.311e-07	
20190610 000000 9.09e-07 9.103e-07 7.596e-07 7.915e-07	
20190609 000000 1.156e-06 1.156e-06 9e-07 9.078e-07	
20190608 000000 8.188e-07 1.3593e-06 8.188e-07 1.156e-06	
20190607 000000 7.93e-07 9.103e-07 7.6e-07 8.15e-07	
20190606 000000 7.04e-07 8.256e-07 6.9e-07 7.93e-07	
20190605 000000 7.1e-07 7.221e-07 6.706e-07 7.06e-07	
20190604 000000 7.33e-07 7.459e-07 6.81e-07 7.09e-07	
20190603 000000 7.29e-07 8.093e-07 6.74e-07 7.28e-07	
20190602 000000 7.56e-07 7.66e-07 6.53e-07 7.3e-07	
20190601 000000 7.42e-07 7.711e-07 7.4e-07 7.543e-07	
20190531 000000 8.05e-07 8.077e-07 7.18e-07 7.42e-07	
20190530 000000 8.321e-07 8.5e-07 7.6e-07 8.05e-07	
20190529 000000 7.58e-07 9.2e-07 7.526e-07 8.28e-07	
20190528 000000 7.15e-07 8.042e-07 7.026e-07 7.58e-07	
20190527 000000 7.3e-07 7.788e-07 6.198e-07 7.11e-07	
20190526 000000 7.25e-07 8e-07 7.066e-07 7.3e-07	
20190525 000000 7.56e-07 8.188e-07 7.125e-07 7.27e-07	
20190524 000000 7.322e-07 8.605e-07 7.044e-07 7.586e-07	
20190523 000000 7.257e-07 7.837e-07 6.796e-07 7.322e-07	
20190522 000000 7.76e-07 8.377e-07 7.111e-07 7.26e-07	
20190521 000000 7.81e-07 8.244e-07 7.26e-07 7.76e-07	
20190520 000000 8.244e-07 8.244e-07 7.382e-07 7.838e-07	
20190519 000000 7.89e-07 9e-07 7.567e-07 8.24e-07	
20190518 000000 7.701e-07 7.936e-07 7.3e-07 7.923e-07	
20190517 000000 7.64e-07 7.8e-07 6.715e-07 7.7e-07	
20190516 000000 7.289e-07 9.32e-07 6.71e-07 7.63e-07	
20190515 000000 6.89e-07 7.511e-07 6.684e-07 7.289e-07	
20190514 000000 6.403e-07 9.25e-07 5.954e-07 6.89e-07	
20190513 000000 7.668e-07 8.03e-07 6.403e-07 6.403e-07	
