20190611 000000 1.305e-06 1.3066e-06 1.2265e-06 1.247e-06	
20190610 000000 1.364e-06 1.364e-06 1.2704e-06 1.3063e-06	
20190609 000000 1.4126e-06 1.5e-06 1.2973e-06 1.364e-06	
20190608 000000 1.492e-06 1.495e-06 1.397e-06 1.412e-06	
20190607 000000 1.5425e-06 1.5518e-06 1.4663e-06 1.492e-06	
20190606 000000 1.5169e-06 1.5888e-06 1.431e-06 1.546e-06	
20190605 000000 1.575e-06 1.6624e-06 1.434e-06 1.518e-06	
20190604 000000 1.6199e-06 1.6962e-06 1.3199e-06 1.568e-06	
20190603 000000 1.2671e-06 1.9869e-06 1.2671e-06 1.614e-06	
20190602 000000 1.2671e-06 1.2671e-06 1.2671e-06 1.2671e-06	
20190601 000000 1.2671e-06 1.2671e-06 1.2671e-06 1.2671e-06	
20190531 000000 1.129e-06 1.3284e-06 1.0782e-06 1.2671e-06	
20190530 000000 1.016e-06 1.2157e-06 9.989e-07 1.13e-06	
20190529 000000 9.59e-07 1.0469e-06 9.174e-07 1.016e-06	
20190528 000000 8.49e-07 1.016e-06 8.47e-07 9.59e-07	
20190527 000000 8.77e-07 8.77e-07 8.179e-07 8.48e-07	
20190526 000000 8.346e-07 9.063e-07 8.32e-07 8.76e-07	
20190525 000000 8.44e-07 8.801e-07 8.217e-07 8.33e-07	
20190524 000000 8.2e-07 8.68e-07 8.082e-07 8.44e-07	
20190523 000000 8.06e-07 8.478e-07 7.901e-07 8.198e-07	
20190522 000000 7.95e-07 8.504e-07 7.795e-07 8.06e-07	
20190521 000000 7.95e-07 8.163e-07 7.775e-07 7.96e-07	
20190520 000000 8.25e-07 8.28e-07 7.778e-07 7.95e-07	
20190519 000000 8.77e-07 9.167e-07 8.164e-07 8.25e-07	
20190518 000000 8.942e-07 9.261e-07 8.625e-07 8.77e-07	
20190517 000000 8.379e-07 9e-07 7.898e-07 8.95e-07	
20190516 000000 8.46e-07 9.081e-07 8.013e-07 8.43e-07	
20190515 000000 7.8e-07 8.554e-07 7.705e-07 8.47e-07	
20190514 000000 8.31e-07 8.367e-07 7.532e-07 7.8e-07	
20190513 000000 9.25e-07 9.44e-07 8.242e-07 8.31e-07	
