20190611 000000 0.00041346 0.00042917 0.00040572 0.00042632	
20190610 000000 0.00038874 0.00041709 0.00038576 0.00041378	
20190609 000000 0.00038299 0.00039 0.00038016 0.00038835	
20190608 000000 0.00038762 0.00039026 0.00038 0.00038342	
20190607 000000 0.00039258 0.0003986 0.0003849 0.00038772	
20190606 000000 0.00039005 0.00040174 0.00038411 0.00039229	
20190605 000000 0.0003823 0.00040878 0.00037523 0.00039001	
20190604 000000 0.00036704 0.00038428 0.00035555 0.00038156	
20190603 000000 0.00037634 0.00038888 0.00036158 0.00036646	
20190602 000000 0.00036947 0.00038125 0.00036666 0.0003765	
20190601 000000 0.00037267 0.00039217 0.00036905 0.00037003	
20190531 000000 0.0003745 0.00039572 0.00037092 0.0003727	
20190530 000000 0.00038197 0.00038926 0.00037416 0.00037498	
20190529 000000 0.00038267 0.00039134 0.00037718 0.00038154	
20190528 000000 0.0003731 0.00040245 0.00036482 0.0003832	
20190527 000000 0.00039942 0.00040045 0.00036891 0.00037231	
20190526 000000 0.00039949 0.00041831 0.0003977 0.00039977	
20190525 000000 0.00041173 0.00043621 0.00039679 0.00039977	
20190524 000000 0.00038927 0.00041999 0.00037144 0.00041217	
20190523 000000 0.0003707 0.00038984 0.00036557 0.00038858	
20190522 000000 0.0003363 0.000385 0.00032733 0.00037069	
20190521 000000 0.00033673 0.00035388 0.00032836 0.0003363	
20190520 000000 0.00033709 0.000341 0.00032003 0.00033666	
20190519 000000 0.00035862 0.00037946 0.000325 0.00033727	
20190518 000000 0.00036042 0.00036631 0.00034922 0.0003587	
20190517 000000 0.00034181 0.00036307 0.00032001 0.00036046	
20190516 000000 0.00035411 0.00037682 0.00031003 0.00034184	
20190515 000000 0.00031221 0.000356 0.00030667 0.00035406	
20190514 000000 0.00031078 0.00031859 0.00029528 0.00031292	
20190513 000000 0.00033578 0.00035 0.00030348 0.00031078	
