20190611 000000 6.489e-05 6.749e-05 6.417e-05 6.624e-05	
20190610 000000 6.506e-05 6.727e-05 6.45e-05 6.489e-05	
20190609 000000 6.6e-05 6.792e-05 6.407e-05 6.5e-05	
20190608 000000 6.53e-05 6.654e-05 6.4e-05 6.564e-05	
20190607 000000 6.534e-05 6.755e-05 6.4e-05 6.524e-05	
20190606 000000 6.373e-05 6.9e-05 6.3e-05 6.514e-05	
20190605 000000 6.45e-05 6.47e-05 6.312e-05 6.382e-05	
20190604 000000 6.722e-05 6.832e-05 6.3e-05 6.452e-05	
20190603 000000 7.072e-05 7.094e-05 6.5e-05 6.726e-05	
20190602 000000 6.402e-05 7.9e-05 6.337e-05 7.072e-05	
20190601 000000 6.449e-05 6.637e-05 6.3e-05 6.389e-05	
20190531 000000 7.029e-05 7.032e-05 6.302e-05 6.447e-05	
20190530 000000 6.753e-05 7.5e-05 6.405e-05 7.034e-05	
20190529 000000 6.435e-05 6.742e-05 6.3e-05 6.719e-05	
20190528 000000 6.31e-05 6.61e-05 6.3e-05 6.401e-05	
20190527 000000 6.791e-05 6.885e-05 6.289e-05 6.31e-05	
20190526 000000 6.88e-05 6.977e-05 6.609e-05 6.79e-05	
20190525 000000 7.684e-05 7.703e-05 6.681e-05 6.872e-05	
20190524 000000 6.995e-05 7.86e-05 6.4e-05 7.676e-05	
20190523 000000 6.554e-05 7.15e-05 6.192e-05 6.995e-05	
20190522 000000 7.206e-05 7.699e-05 6.447e-05 6.541e-05	
20190521 000000 7.844e-05 7.847e-05 6.989e-05 7.206e-05	
20190520 000000 7.368e-05 7.98e-05 7.211e-05 7.842e-05	
20190519 000000 7.854e-05 7.903e-05 7.05e-05 7.344e-05	
20190518 000000 7.774e-05 9.132e-05 7.567e-05 7.849e-05	
20190517 000000 7.979e-05 8.042e-05 7e-05 7.774e-05	
20190516 000000 8.34e-05 8.95e-05 7.745e-05 7.982e-05	
20190515 000000 7.388e-05 9.4e-05 7.388e-05 8.34e-05	
20190514 000000 7.601e-05 0.0001229 7.033e-05 7.432e-05	
20190513 000000 7.619e-05 8.075e-05 7.5e-05 7.571e-05	
