20190611 000000 3.861e-06 4.4457e-06 3.6652e-06 4.129e-06	
20190610 000000 4.821e-06 5.0506e-06 3.4139e-06 3.861e-06	
20190609 000000 5.205e-06 5.5624e-06 4.3004e-06 4.824e-06	
20190608 000000 4.8354e-06 6.4e-06 4.263e-06 5.205e-06	
20190607 000000 3.3837e-06 5.541e-06 3.3427e-06 4.875e-06	
20190606 000000 2.9797e-06 4.1135e-06 2.624e-06 3.397e-06	
20190605 000000 2.348e-06 3.47e-06 2.3417e-06 2.9913e-06	
20190604 000000 2.397e-06 2.49e-06 2.1146e-06 2.349e-06	
20190603 000000 2.1858e-06 2.5444e-06 2.1146e-06 2.41e-06	
20190602 000000 2.137e-06 2.5444e-06 1.8382e-06 2.176e-06	
20190601 000000 1.689e-06 2.79e-06 1.6804e-06 2.1273e-06	
20190531 000000 1.433e-06 1.7688e-06 1.433e-06 1.692e-06	
20190530 000000 1.484e-06 1.6777e-06 1.3301e-06 1.426e-06	
20190529 000000 1.237e-06 1.5651e-06 1.0812e-06 1.4942e-06	
20190528 000000 1.3138e-06 1.78e-06 1.2302e-06 1.237e-06	
20190527 000000 9.58e-07 1.3796e-06 8.81e-07 1.3065e-06	
20190526 000000 9.16e-07 1.0123e-06 8.812e-07 9.57e-07	
20190525 000000 8.55e-07 9.641e-07 8.52e-07 9.17e-07	
20190524 000000 8.22e-07 9.18e-07 8.093e-07 8.56e-07	
20190523 000000 8.29e-07 9.149e-07 7.818e-07 8.18e-07	
20190522 000000 9.36e-07 9.36e-07 8e-07 8.29e-07	
20190521 000000 1.117e-06 1.25e-06 8.5e-07 9.36e-07	
20190520 000000 8.32e-07 1.3e-06 8.3e-07 1.1127e-06	
20190519 000000 7.82e-07 1.0498e-06 7.321e-07 8.32e-07	
20190518 000000 9.37e-07 9.39e-07 7.308e-07 7.84e-07	
20190517 000000 7.36e-07 1.382e-06 6.744e-07 9.35e-07	
20190516 000000 6.72e-07 7.8e-07 6.27e-07 7.34e-07	
20190515 000000 6.13e-07 7.899e-07 5.29e-07 6.74e-07	
20190514 000000 6.51e-07 6.92e-07 5.562e-07 6.05e-07	
20190513 000000 7.05e-07 8.199e-07 6.31e-07 6.45e-07	
