20190611 000000 4.27e-08 4.5e-08 4.19e-08 4.38e-08	
20190610 000000 4.7e-08 4.73e-08 4.11e-08 4.27e-08	
20190609 000000 5.35e-08 5.43e-08 4.51e-08 4.7e-08	
20190608 000000 5.08e-08 5.5e-08 4.66e-08 5.33e-08	
20190607 000000 4.99e-08 5.88e-08 4.32e-08 5.08e-08	
20190606 000000 4.1e-08 5.01e-08 3.97e-08 5e-08	
20190605 000000 3.84e-08 4.24e-08 3.83e-08 4.04e-08	
20190604 000000 4.1e-08 4.48e-08 3.38e-08 3.84e-08	
20190603 000000 4.19e-08 4.22e-08 3.82e-08 4.1e-08	
20190602 000000 4.41e-08 4.44e-08 4.02e-08 4.2e-08	
20190601 000000 4.45e-08 4.7e-08 4.14e-08 4.4e-08	
20190531 000000 4.29e-08 4.81e-08 3.9e-08 4.41e-08	
20190530 000000 4.4e-08 4.55e-08 4.12e-08 4.29e-08	
20190529 000000 4.59e-08 4.59e-08 4.28e-08 4.4e-08	
20190528 000000 4.31e-08 4.68e-08 4.03e-08 4.59e-08	
20190527 000000 4.91e-08 4.96e-08 4.22e-08 4.31e-08	
20190526 000000 5e-08 5.17e-08 4.68e-08 4.91e-08	
20190525 000000 4.94e-08 5.24e-08 4.63e-08 5e-08	
20190524 000000 4.91e-08 5.94e-08 4.82e-08 4.93e-08	
20190523 000000 5.22e-08 5.47e-08 4.62e-08 4.91e-08	
20190522 000000 5.6e-08 6.23e-08 5e-08 5.22e-08	
20190521 000000 5.8e-08 7.25e-08 5.5e-08 5.6e-08	
20190520 000000 6.52e-08 6.55e-08 5.31e-08 5.8e-08	
20190519 000000 6.07e-08 6.72e-08 5.11e-08 6.51e-08	
20190518 000000 5.48e-08 6.27e-08 4.61e-08 6.07e-08	
20190517 000000 4.85e-08 5.8e-08 4.5e-08 5.48e-08	
20190516 000000 4.43e-08 4.97e-08 4e-08 4.85e-08	
20190515 000000 4.09e-08 4.55e-08 3.69e-08 4.4e-08	
20190514 000000 4.78e-08 4.8e-08 3.87e-08 4.09e-08	
20190513 000000 5.35e-08 5.57e-08 4.71e-08 4.79e-08	
