20190611 000000 1.456e-06 1.4794e-06 1.4137e-06 1.429e-06	
20190610 000000 1.413e-06 1.579e-06 1.3883e-06 1.456e-06	
20190609 000000 1.444e-06 1.4535e-06 1.4074e-06 1.414e-06	
20190608 000000 1.451e-06 1.4839e-06 1.4209e-06 1.444e-06	
20190607 000000 1.428e-06 1.4552e-06 1.3984e-06 1.451e-06	
20190606 000000 1.4218e-06 1.4544e-06 1.4063e-06 1.4258e-06	
20190605 000000 1.501e-06 1.5536e-06 1.4106e-06 1.4209e-06	
20190604 000000 1.4953e-06 1.5063e-06 1.4014e-06 1.5039e-06	
20190603 000000 1.484e-06 1.4932e-06 1.4063e-06 1.4932e-06	
20190602 000000 1.52e-06 1.551e-06 1.4766e-06 1.4825e-06	
20190601 000000 1.544e-06 1.579e-06 1.499e-06 1.521e-06	
20190531 000000 1.59e-06 1.6125e-06 1.5365e-06 1.5419e-06	
20190530 000000 1.5593e-06 1.6789e-06 1.5294e-06 1.5903e-06	
20190529 000000 1.5895e-06 1.6233e-06 1.53e-06 1.557e-06	
20190528 000000 1.502e-06 1.6385e-06 1.487e-06 1.5886e-06	
20190527 000000 1.558e-06 1.5618e-06 1.4558e-06 1.506e-06	
20190526 000000 1.5034e-06 1.6292e-06 1.499e-06 1.557e-06	
20190525 000000 1.5175e-06 1.54e-06 1.481e-06 1.5018e-06	
20190524 000000 1.519e-06 1.5661e-06 1.4903e-06 1.5135e-06	
20190523 000000 1.526e-06 1.5752e-06 1.47e-06 1.519e-06	
20190522 000000 1.562e-06 1.6479e-06 1.5035e-06 1.525e-06	
20190521 000000 1.55e-06 1.6662e-06 1.5039e-06 1.56e-06	
20190520 000000 1.565e-06 1.587e-06 1.4688e-06 1.551e-06	
20190519 000000 1.636e-06 1.6493e-06 1.5378e-06 1.565e-06	
20190518 000000 1.663e-06 1.6871e-06 1.5882e-06 1.636e-06	
20190517 000000 1.7633e-06 1.7661e-06 1.5702e-06 1.661e-06	
20190516 000000 1.7992e-06 1.9244e-06 1.641e-06 1.7622e-06	
20190515 000000 1.657e-06 1.8569e-06 1.643e-06 1.7993e-06	
20190514 000000 1.6591e-06 1.7348e-06 1.59e-06 1.659e-06	
20190513 000000 1.797e-06 1.8886e-06 1.6484e-06 1.661e-06	
