20190611 000000 5.384e-05 5.419e-05 5.256e-05 5.299e-05	
20190610 000000 5.297e-05 5.525e-05 5.228e-05 5.383e-05	
20190609 000000 5.34e-05 5.492e-05 5.267e-05 5.297e-05	
20190608 000000 5.571e-05 5.754e-05 5.323e-05 5.338e-05	
20190607 000000 5.479e-05 5.6e-05 5.33e-05 5.571e-05	
20190606 000000 5.457e-05 5.55e-05 5.433e-05 5.476e-05	
20190605 000000 5.555e-05 5.603e-05 5.412e-05 5.461e-05	
20190604 000000 5.563e-05 5.6e-05 5.352e-05 5.566e-05	
20190603 000000 5.676e-05 5.704e-05 5.459e-05 5.558e-05	
20190602 000000 5.652e-05 5.71e-05 5.515e-05 5.675e-05	
20190601 000000 5.777e-05 6.022e-05 5.513e-05 5.654e-05	
20190531 000000 5.782e-05 5.9e-05 5.557e-05 5.77e-05	
20190530 000000 6.015e-05 6.388e-05 5.743e-05 5.762e-05	
20190529 000000 5.166e-05 6.169e-05 5.091e-05 6.028e-05	
20190528 000000 4.658e-05 5.28e-05 4.638e-05 5.151e-05	
20190527 000000 4.733e-05 4.798e-05 4.548e-05 4.667e-05	
20190526 000000 4.772e-05 4.835e-05 4.712e-05 4.733e-05	
20190525 000000 4.88e-05 4.896e-05 4.719e-05 4.772e-05	
20190524 000000 4.94e-05 5.052e-05 4.827e-05 4.871e-05	
20190523 000000 5.128e-05 5.176e-05 4.816e-05 4.94e-05	
20190522 000000 5.149e-05 5.345e-05 5.116e-05 5.133e-05	
20190521 000000 5.084e-05 5.221e-05 5.045e-05 5.155e-05	
20190520 000000 5.194e-05 5.272e-05 4.836e-05 5.082e-05	
20190519 000000 5.275e-05 5.766e-05 5.15e-05 5.196e-05	
20190518 000000 5.246e-05 5.39e-05 5.19e-05 5.275e-05	
20190517 000000 5.495e-05 5.504e-05 4.968e-05 5.248e-05	
20190516 000000 5.19e-05 5.98e-05 5.06e-05 5.49e-05	
20190515 000000 4.529e-05 5.281e-05 4.439e-05 5.19e-05	
20190514 000000 4.114e-05 4.694e-05 4.061e-05 4.529e-05	
20190513 000000 4.279e-05 4.488e-05 4.067e-05 4.095e-05	
