20190611 000000 8.52e-06 8.71e-06 8.37e-06 8.63e-06	
20190610 000000 8.61e-06 8.74e-06 8.31e-06 8.55e-06	
20190609 000000 9e-06 9.07e-06 8.57e-06 8.61e-06	
20190608 000000 9.1e-06 9.52e-06 8.74e-06 9.02e-06	
20190607 000000 9.12e-06 9.34e-06 8.8e-06 9.1e-06	
20190606 000000 9.2e-06 9.68e-06 8.85e-06 9.13e-06	
20190605 000000 1.006e-05 1.015e-05 9.1e-06 9.19e-06	
20190604 000000 8.69e-06 1.041e-05 8.52e-06 1.006e-05	
20190603 000000 7.67e-06 8.75e-06 7.66e-06 8.71e-06	
20190602 000000 7.57e-06 8.11e-06 7.5e-06 7.66e-06	
20190601 000000 7.73e-06 8.05e-06 7.35e-06 7.6e-06	
20190531 000000 8.07e-06 8.17e-06 7.51e-06 7.73e-06	
20190530 000000 7.58e-06 8.54e-06 7.38e-06 8.06e-06	
20190529 000000 7.97e-06 7.98e-06 7.23e-06 7.58e-06	
20190528 000000 8.19e-06 8.27e-06 7.82e-06 7.96e-06	
20190527 000000 8.83e-06 8.87e-06 7.64e-06 8.19e-06	
20190526 000000 9.21e-06 9.27e-06 8.35e-06 8.87e-06	
20190525 000000 9.14e-06 9.5e-06 8.91e-06 9.2e-06	
20190524 000000 9.42e-06 1.013e-05 8.91e-06 9.11e-06	
20190523 000000 1.035e-05 1.037e-05 9.05e-06 9.45e-06	
20190522 000000 9.87e-06 1.203e-05 9.83e-06 1.034e-05	
20190521 000000 9.23e-06 1.059e-05 8.87e-06 9.86e-06	
20190520 000000 9.91e-06 9.94e-06 8.89e-06 9.22e-06	
20190519 000000 9.66e-06 1.09e-05 9.25e-06 9.91e-06	
20190518 000000 9.51e-06 1.015e-05 9.04e-06 9.68e-06	
20190517 000000 1.001e-05 1.115e-05 8.33e-06 9.47e-06	
20190516 000000 7.37e-06 1.041e-05 7.37e-06 1e-05	
20190515 000000 6.41e-06 7.36e-06 6.24e-06 7.36e-06	
20190514 000000 6.54e-06 6.93e-06 6.11e-06 6.42e-06	
20190513 000000 7.3e-06 7.49e-06 6.52e-06 6.52e-06	
