20190611 000000 4.899e-05 5.324e-05 4.796e-05 5.15e-05	
20190610 000000 4.802e-05 5.4e-05 4.726e-05 4.904e-05	
20190609 000000 4.712e-05 5.465e-05 4.596e-05 4.802e-05	
20190608 000000 4.722e-05 4.974e-05 4.5e-05 4.713e-05	
20190607 000000 4.482e-05 4.998e-05 4.369e-05 4.712e-05	
20190606 000000 4.842e-05 5.32e-05 4.427e-05 4.428e-05	
20190605 000000 3.93e-05 5.39e-05 3.705e-05 4.833e-05	
20190604 000000 3.865e-05 3.97e-05 3.518e-05 3.925e-05	
20190603 000000 3.537e-05 3.994e-05 3.395e-05 3.857e-05	
20190602 000000 3.707e-05 3.841e-05 3.33e-05 3.572e-05	
20190601 000000 3.695e-05 4.387e-05 3.43e-05 3.745e-05	
20190531 000000 2.937e-05 3.825e-05 2.76e-05 3.695e-05	
20190530 000000 3.11e-05 3.174e-05 2.8e-05 2.939e-05	
20190529 000000 3.418e-05 3.459e-05 2.85e-05 3.123e-05	
20190528 000000 3.684e-05 3.794e-05 3.333e-05 3.416e-05	
20190527 000000 3.92e-05 4.01e-05 3.201e-05 3.686e-05	
20190526 000000 3.271e-05 4.579e-05 2.974e-05 3.908e-05	
20190525 000000 2.553e-05 3.448e-05 2.311e-05 3.272e-05	
20190524 000000 1.86e-05 3.029e-05 1.848e-05 2.554e-05	
20190523 000000 1.826e-05 1.898e-05 1.754e-05 1.866e-05	
20190522 000000 1.851e-05 1.88e-05 1.759e-05 1.826e-05	
20190521 000000 1.769e-05 1.885e-05 1.722e-05 1.849e-05	
20190520 000000 1.832e-05 1.871e-05 1.704e-05 1.774e-05	
20190519 000000 1.938e-05 1.958e-05 1.823e-05 1.836e-05	
20190518 000000 1.946e-05 1.995e-05 1.899e-05 1.94e-05	
20190517 000000 1.999e-05 2.039e-05 1.787e-05 1.939e-05	
20190516 000000 1.949e-05 2.197e-05 1.835e-05 1.995e-05	
20190515 000000 1.733e-05 2.148e-05 1.69e-05 1.944e-05	
20190514 000000 1.725e-05 1.817e-05 1.616e-05 1.737e-05	
20190513 000000 1.795e-05 1.967e-05 1.7e-05 1.737e-05	
