20190611 000000 5.705e-07 5.791e-07 5.663e-07 5.77e-07	
20190610 000000 5.813e-07 5.816e-07 5.619e-07 5.705e-07	
20190609 000000 5.8e-07 5.814e-07 5.62e-07 5.784e-07	
20190608 000000 5.517e-07 5.901e-07 5.455e-07 5.801e-07	
20190607 000000 5.361e-07 5.551e-07 5.299e-07 5.518e-07	
20190606 000000 5.391e-07 5.484e-07 5.263e-07 5.37e-07	
20190605 000000 5.515e-07 5.599e-07 5.299e-07 5.391e-07	
20190604 000000 5.285e-07 5.531e-07 5.259e-07 5.515e-07	
20190603 000000 5.53e-07 5.606e-07 5.243e-07 5.286e-07	
20190602 000000 5.54e-07 5.643e-07 5.394e-07 5.525e-07	
20190601 000000 5.96e-07 6.085e-07 5.474e-07 5.532e-07	
20190531 000000 6.37e-07 6.676e-07 5.835e-07 5.96e-07	
20190530 000000 5.189e-07 7.279e-07 5.189e-07 6.38e-07	
20190529 000000 5.141e-07 5.244e-07 4.972e-07 5.189e-07	
20190528 000000 5.06e-07 5.213e-07 5.024e-07 5.15e-07	
20190527 000000 5.509e-07 5.568e-07 5.053e-07 5.07e-07	
20190526 000000 5.498e-07 5.546e-07 5.354e-07 5.51e-07	
20190525 000000 5.32e-07 5.5e-07 5.25e-07 5.49e-07	
20190524 000000 5.299e-07 5.505e-07 5.1e-07 5.32e-07	
20190523 000000 5.291e-07 5.612e-07 5.051e-07 5.3e-07	
20190522 000000 5.419e-07 5.61e-07 5.196e-07 5.292e-07	
20190521 000000 5.211e-07 5.434e-07 5.1e-07 5.418e-07	
20190520 000000 5.28e-07 5.305e-07 4.907e-07 5.22e-07	
20190519 000000 5.396e-07 5.683e-07 5.152e-07 5.28e-07	
20190518 000000 5.38e-07 5.436e-07 5.268e-07 5.396e-07	
20190517 000000 5.43e-07 5.871e-07 5.2e-07 5.375e-07	
20190516 000000 5.36e-07 5.875e-07 5.234e-07 5.441e-07	
20190515 000000 5.007e-07 5.456e-07 4.922e-07 5.36e-07	
20190514 000000 5.309e-07 5.354e-07 4.817e-07 5.03e-07	
20190513 000000 5.17e-07 5.787e-07 5.035e-07 5.32e-07	
