20190611 000000 3.4549e-06 3.85e-06 3.3382e-06 3.6802e-06	
20190610 000000 3.4944e-06 3.6426e-06 3.35e-06 3.4546e-06	
20190609 000000 3.7172e-06 3.783e-06 3.4112e-06 3.4944e-06	
20190608 000000 3.9717e-06 4.52e-06 3.519e-06 3.7171e-06	
20190607 000000 3.383e-06 4.33e-06 3.3148e-06 3.9717e-06	
20190606 000000 3.3344e-06 3.5357e-06 3.1732e-06 3.382e-06	
20190605 000000 3.194e-06 3.6993e-06 3.1732e-06 3.3344e-06	
20190604 000000 2.7664e-06 3.3854e-06 2.7037e-06 3.204e-06	
20190603 000000 2.9929e-06 3.0079e-06 2.8051e-06 2.8347e-06	
20190602 000000 3.0062e-06 3.0762e-06 2.8266e-06 2.9929e-06	
20190601 000000 3.1198e-06 3.15e-06 2.934e-06 3.0063e-06	
20190531 000000 3.2904e-06 3.3829e-06 2.8933e-06 3.1196e-06	
20190530 000000 3.4859e-06 3.6019e-06 3.25e-06 3.2905e-06	
20190529 000000 3.3532e-06 3.987e-06 3.2302e-06 3.4859e-06	
20190528 000000 3.3057e-06 3.4012e-06 3.1799e-06 3.3533e-06	
20190527 000000 3.4486e-06 4.0312e-06 3.1182e-06 3.3071e-06	
20190526 000000 3.9147e-06 4.0854e-06 3.2011e-06 3.4485e-06	
20190525 000000 2.3707e-06 4.422e-06 2.37e-06 3.934e-06	
20190524 000000 2.3909e-06 2.6219e-06 2.3004e-06 2.3705e-06	
20190523 000000 2.559e-06 2.6216e-06 2.2489e-06 2.3909e-06	
20190522 000000 2.6179e-06 2.6659e-06 2.4744e-06 2.565e-06	
20190521 000000 2.589e-06 2.7412e-06 2.4841e-06 2.6181e-06	
20190520 000000 2.7904e-06 2.8599e-06 2.438e-06 2.5894e-06	
20190519 000000 3.0638e-06 3.222e-06 2.7105e-06 2.7905e-06	
20190518 000000 2.8156e-06 3.3e-06 2.6604e-06 3.064e-06	
20190517 000000 2.7517e-06 3.092e-06 2.6501e-06 2.8155e-06	
20190516 000000 2.9388e-06 2.9597e-06 2.6204e-06 2.7517e-06	
20190515 000000 2.9271e-06 3.1e-06 2.8171e-06 2.9406e-06	
20190514 000000 3.1388e-06 3.2847e-06 2.7653e-06 2.9272e-06	
20190513 000000 3.2381e-06 3.7714e-06 2.9324e-06 3.1387e-06	
