20190611 000000 0.00020208 0.0002069 0.00019181 0.00019729	
20190610 000000 0.00020509 0.00022983 0.00019061 0.0002021	
20190609 000000 0.00021511 0.00021777 0.00019986 0.00020505	
20190608 000000 0.00019528 0.00021799 0.00019214 0.00021658	
20190607 000000 0.00019902 0.0002016 0.00019162 0.00019528	
20190606 000000 0.00018241 0.00020496 0.00018162 0.00019815	
20190605 000000 0.00019073 0.000207 0.00018094 0.00018225	
20190604 000000 0.00017747 0.00019473 0.00017567 0.00019073	
20190603 000000 0.00018658 0.00018832 0.00017443 0.00017778	
20190602 000000 0.00016165 0.00019998 0.00016136 0.00018765	
20190601 000000 0.00016676 0.0001751 0.00016034 0.00016168	
20190531 000000 0.00017538 0.00018133 0.00016056 0.00016654	
20190530 000000 0.00017138 0.00021181 0.00016756 0.00017572	
20190529 000000 0.00015596 0.0001747 0.00015231 0.00017086	
20190528 000000 0.00015071 0.00015692 0.000145 0.00015559	
20190527 000000 0.00014935 0.00016359 0.00013843 0.00015068	
20190526 000000 0.0001507 0.00015397 0.00014688 0.00014954	
20190525 000000 0.00014952 0.000155 0.00014528 0.00015079	
20190524 000000 0.00014889 0.00015866 0.00014799 0.00014899	
20190523 000000 0.00014893 0.000158 0.0001411 0.00014888	
20190522 000000 0.00014168 0.00015878 0.00014168 0.00014827	
20190521 000000 0.00014384 0.000149 0.00013721 0.0001424	
20190520 000000 0.00014724 0.000149 0.00013746 0.00014329	
20190519 000000 0.0001554 0.00015769 0.00014315 0.00014739	
20190518 000000 0.00015959 0.00016603 0.0001525 0.00015561	
20190517 000000 0.00015429 0.00016182 0.00014222 0.00015807	
20190516 000000 0.00015219 0.00016354 0.00014279 0.00015455	
20190515 000000 0.00014114 0.00015933 0.00013618 0.00015275	
20190514 000000 0.00014398 0.00014719 0.00013095 0.00014055	
20190513 000000 0.00015667 0.0001681 0.00014356 0.00014402	
