20190611 000000 3.434e-05 3.477e-05 3.343e-05 3.423e-05	
20190610 000000 3.399e-05 3.57e-05 3.301e-05 3.436e-05	
20190609 000000 3.322e-05 3.472e-05 3.276e-05 3.401e-05	
20190608 000000 3.252e-05 3.449e-05 3.226e-05 3.317e-05	
20190607 000000 3.243e-05 3.401e-05 3.207e-05 3.252e-05	
20190606 000000 3.147e-05 3.27e-05 3.121e-05 3.248e-05	
20190605 000000 3.285e-05 3.306e-05 3.1e-05 3.147e-05	
20190604 000000 3.143e-05 3.483e-05 3.083e-05 3.277e-05	
20190603 000000 3.118e-05 3.221e-05 3.059e-05 3.139e-05	
20190602 000000 3.132e-05 3.161e-05 3.049e-05 3.133e-05	
20190601 000000 3.262e-05 3.292e-05 3.099e-05 3.134e-05	
20190531 000000 3.239e-05 3.293e-05 3.072e-05 3.259e-05	
20190530 000000 3.275e-05 3.355e-05 3.238e-05 3.243e-05	
20190529 000000 3.334e-05 3.382e-05 3.191e-05 3.275e-05	
20190528 000000 3.212e-05 3.525e-05 3.191e-05 3.325e-05	
20190527 000000 3.488e-05 3.512e-05 3.166e-05 3.209e-05	
20190526 000000 3.514e-05 3.761e-05 3.437e-05 3.488e-05	
20190525 000000 3.581e-05 3.834e-05 3.451e-05 3.519e-05	
20190524 000000 3.666e-05 4.279e-05 3.51e-05 3.578e-05	
20190523 000000 3.589e-05 3.819e-05 3.303e-05 3.661e-05	
20190522 000000 3.464e-05 3.683e-05 3.345e-05 3.587e-05	
20190521 000000 3.381e-05 3.562e-05 3.278e-05 3.465e-05	
20190520 000000 3.224e-05 3.454e-05 3.089e-05 3.373e-05	
20190519 000000 3.375e-05 3.506e-05 3.117e-05 3.225e-05	
20190518 000000 3.243e-05 3.445e-05 3.238e-05 3.375e-05	
20190517 000000 3.33e-05 3.336e-05 3.073e-05 3.248e-05	
20190516 000000 3.333e-05 3.531e-05 3.199e-05 3.336e-05	
20190515 000000 3.062e-05 3.403e-05 3.007e-05 3.324e-05	
20190514 000000 2.815e-05 3.941e-05 2.481e-05 3.059e-05	
20190513 000000 3.06e-05 3.178e-05 2.749e-05 2.809e-05	
