20190611 000000 9.85e-06 1.037e-05 9.38e-06 9.75e-06	
20190610 000000 9.76e-06 1.114e-05 9.71e-06 9.87e-06	
20190609 000000 9.31e-06 1.144e-05 8.95e-06 9.78e-06	
20190608 000000 9.71e-06 9.88e-06 9.2e-06 9.3e-06	
20190607 000000 9.85e-06 1.039e-05 9.48e-06 9.72e-06	
20190606 000000 9.34e-06 1.01e-05 8.93e-06 9.85e-06	
20190605 000000 9.23e-06 9.58e-06 8.68e-06 9.33e-06	
20190604 000000 8.71e-06 9.34e-06 8.61e-06 9.23e-06	
20190603 000000 8.34e-06 9.44e-06 8.06e-06 8.95e-06	
20190602 000000 8.3e-06 8.5e-06 7.96e-06 8.35e-06	
20190601 000000 8.3e-06 8.9e-06 7.95e-06 8.33e-06	
20190531 000000 7.51e-06 8.88e-06 7.39e-06 8.3e-06	
20190530 000000 7.02e-06 8.02e-06 6.91e-06 7.51e-06	
20190529 000000 6.97e-06 7.32e-06 6.65e-06 7.02e-06	
20190528 000000 7.27e-06 7.38e-06 6.85e-06 6.99e-06	
20190527 000000 8.07e-06 8.08e-06 7.2e-06 7.28e-06	
20190526 000000 7.94e-06 8.13e-06 7.85e-06 8.07e-06	
20190525 000000 8.06e-06 8.46e-06 7.7e-06 7.94e-06	
20190524 000000 8.17e-06 8.46e-06 7.75e-06 8.05e-06	
20190523 000000 8.39e-06 8.65e-06 7.74e-06 8.19e-06	
20190522 000000 8.77e-06 9.06e-06 8.34e-06 8.41e-06	
20190521 000000 8.24e-06 9.17e-06 8.04e-06 8.75e-06	
20190520 000000 8.83e-06 9.5e-06 8e-06 8.24e-06	
20190519 000000 9.08e-06 9.64e-06 8.2e-06 8.84e-06	
20190518 000000 9.13e-06 9.35e-06 8.08e-06 9.07e-06	
20190517 000000 7.83e-06 9.22e-06 7.3e-06 9.11e-06	
20190516 000000 7.62e-06 8.15e-06 7.2e-06 7.81e-06	
20190515 000000 7.06e-06 7.78e-06 6.76e-06 7.62e-06	
20190514 000000 7.64e-06 7.68e-06 6.9e-06 7.06e-06	
20190513 000000 8.63e-06 8.63e-06 7.5e-06 7.62e-06	
