20190611 000000 5.31e-06 6.55e-06 5.31e-06 6.33e-06	
20190610 000000 5.04e-06 5.63e-06 4.92e-06 5.31e-06	
20190609 000000 4.74e-06 5.06e-06 4.62e-06 5.03e-06	
20190608 000000 4.95e-06 4.97e-06 4.51e-06 4.73e-06	
20190607 000000 5.03e-06 5.15e-06 4.86e-06 4.95e-06	
20190606 000000 4.82e-06 5.07e-06 4.72e-06 5.03e-06	
20190605 000000 4.82e-06 5.16e-06 4.73e-06 4.82e-06	
20190604 000000 4.64e-06 4.9e-06 4.45e-06 4.83e-06	
20190603 000000 4.57e-06 4.88e-06 4.43e-06 4.62e-06	
20190602 000000 4.7e-06 4.8e-06 4.52e-06 4.57e-06	
20190601 000000 4.9e-06 4.96e-06 4.64e-06 4.7e-06	
20190531 000000 4.98e-06 5.12e-06 4.45e-06 4.89e-06	
20190530 000000 5.32e-06 5.76e-06 4.97e-06 5e-06	
20190529 000000 4.75e-06 5.69e-06 4.75e-06 5.29e-06	
20190528 000000 4.76e-06 4.9e-06 4.6e-06 4.76e-06	
20190527 000000 4.98e-06 5.12e-06 4.63e-06 4.75e-06	
20190526 000000 4.88e-06 5.13e-06 4.88e-06 5e-06	
20190525 000000 4.88e-06 5.1e-06 4.79e-06 4.9e-06	
20190524 000000 4.81e-06 5.27e-06 4.78e-06 4.91e-06	
20190523 000000 5.18e-06 5.34e-06 4.65e-06 4.81e-06	
20190522 000000 5.38e-06 6.17e-06 5.05e-06 5.18e-06	
20190521 000000 5.36e-06 5.75e-06 4.99e-06 5.36e-06	
20190520 000000 5.52e-06 5.56e-06 5.2e-06 5.35e-06	
20190519 000000 5.6e-06 5.81e-06 5.34e-06 5.5e-06	
20190518 000000 5.66e-06 6.35e-06 5.46e-06 5.6e-06	
20190517 000000 5.86e-06 6.03e-06 5.35e-06 5.71e-06	
20190516 000000 5.68e-06 6.24e-06 5.44e-06 5.87e-06	
20190515 000000 5.26e-06 5.85e-06 5.24e-06 5.69e-06	
20190514 000000 5.8e-06 5.89e-06 4.89e-06 5.27e-06	
20190513 000000 6.77e-06 7.08e-06 5.64e-06 5.8e-06	
