20190611 000000 8.5e-07 8.642e-07 8.118e-07 8.22e-07	
20190610 000000 8.6e-07 8.999e-07 8.219e-07 8.53e-07	
20190609 000000 8.22e-07 8.741e-07 8.157e-07 8.6e-07	
20190608 000000 8.23e-07 8.431e-07 8.096e-07 8.2e-07	
20190607 000000 8.194e-07 8.408e-07 7.901e-07 8.23e-07	
20190606 000000 7.81e-07 8.274e-07 7.767e-07 8.19e-07	
20190605 000000 7.93e-07 8.073e-07 7.69e-07 7.84e-07	
20190604 000000 7.89e-07 8.498e-07 7.498e-07 7.93e-07	
20190603 000000 8.1e-07 8.13e-07 7.651e-07 7.89e-07	
20190602 000000 8.1e-07 8.208e-07 7.888e-07 8.09e-07	
20190601 000000 8.16e-07 8.238e-07 7.909e-07 8.09e-07	
20190531 000000 8.58e-07 8.58e-07 8.036e-07 8.14e-07	
20190530 000000 8.458e-07 8.735e-07 8.082e-07 8.58e-07	
20190529 000000 8.95e-07 9.157e-07 8.078e-07 8.43e-07	
20190528 000000 9.24e-07 9.26e-07 8.735e-07 8.94e-07	
20190527 000000 9.78e-07 1.0034e-06 8.96e-07 9.24e-07	
20190526 000000 9.1e-07 1.0101e-06 9.1e-07 9.78e-07	
20190525 000000 8.951e-07 9.973e-07 8.671e-07 9.05e-07	
20190524 000000 8.41e-07 9.442e-07 8.2e-07 8.98e-07	
20190523 000000 8.7e-07 9.11e-07 8.087e-07 8.44e-07	
20190522 000000 8.23e-07 9.471e-07 8.17e-07 8.73e-07	
20190521 000000 8.16e-07 8.444e-07 7.901e-07 8.23e-07	
20190520 000000 8.363e-07 8.52e-07 7.883e-07 8.16e-07	
20190519 000000 8.7e-07 8.836e-07 8.1e-07 8.33e-07	
20190518 000000 8.7e-07 8.968e-07 8.52e-07 8.69e-07	
20190517 000000 9.24e-07 9.655e-07 8.18e-07 8.72e-07	
20190516 000000 9.03e-07 9.5e-07 8.381e-07 9.22e-07	
20190515 000000 7.93e-07 9.173e-07 7.72e-07 9.02e-07	
20190514 000000 8.15e-07 8.45e-07 7.546e-07 7.94e-07	
20190513 000000 8.9e-07 9.909e-07 8.022e-07 8.19e-07	
