20190611 000000 0.00014162 0.00016314 0.00013879 0.00014467	
20190610 000000 0.00013768 0.00014729 0.00013282 0.00014159	
20190609 000000 0.00014581 0.0001466 0.00013692 0.00013767	
20190608 000000 0.00014802 0.000156 0.00014346 0.00014594	
20190607 000000 0.00014946 0.00015706 0.0001374 0.000148	
20190606 000000 0.00013425 0.00016605 0.00013291 0.0001497	
20190605 000000 0.00011639 0.00013776 0.00011108 0.00013475	
20190604 000000 0.00011393 0.0001169 0.00010413 0.00011639	
20190603 000000 0.00011866 0.00012015 0.00011199 0.00011391	
20190602 000000 0.00011461 0.00012216 0.00010933 0.00011866	
20190601 000000 0.00011655 0.00012374 0.00011241 0.00011464	
20190531 000000 0.00012957 0.00013664 0.00011409 0.00011659	
20190530 000000 0.00013986 0.00014048 0.00012957 0.00012978	
20190529 000000 0.00013934 0.00015463 0.00013565 0.00013972	
20190528 000000 0.00012829 0.00014376 0.00012547 0.00013931	
20190527 000000 0.00013226 0.0001455 0.00012104 0.00012784	
20190526 000000 0.00014261 0.00014778 0.00013092 0.00013225	
20190525 000000 0.00015682 0.00016882 0.00013748 0.00014248	
20190524 000000 0.00016672 0.0001826 0.00015218 0.00015714	
20190523 000000 0.00016792 0.0001875 0.00015053 0.00016671	
20190522 000000 0.00014045 0.00018431 0.00013976 0.00016826	
20190521 000000 0.00012744 0.00014856 0.00012561 0.0001404	
20190520 000000 0.00012905 0.00013047 0.00011802 0.0001274	
20190519 000000 0.00012266 0.00013275 0.00011911 0.00012897	
20190518 000000 0.0001214 0.00012761 0.00011841 0.00012294	
20190517 000000 0.00010536 0.00012932 0.00010096 0.0001214	
20190516 000000 0.00010131 0.00011336 9.706e-05 0.00010565	
20190515 000000 0.00010406 0.00011083 9.4e-05 0.00010144	
20190514 000000 8.622e-05 0.00011 8e-05 0.00010354	
20190513 000000 9.314e-05 9.613e-05 8.584e-05 8.63e-05	
