20190611 000000 1.001e-05 1.104e-05 1e-05 1.093e-05	
20190610 000000 1.02e-05 1.028e-05 9.82e-06 1.001e-05	
20190609 000000 1.07e-05 1.087e-05 1.009e-05 1.019e-05	
20190608 000000 9.92e-06 1.264e-05 9.74e-06 1.073e-05	
20190607 000000 9.52e-06 1.046e-05 9.3e-06 9.93e-06	
20190606 000000 9.53e-06 9.8e-06 9.45e-06 9.53e-06	
20190605 000000 9.66e-06 1.031e-05 9.47e-06 9.53e-06	
20190604 000000 9.44e-06 9.99e-06 9.15e-06 9.68e-06	
20190603 000000 9.09e-06 9.61e-06 8.99e-06 9.43e-06	
20190602 000000 8.86e-06 9.38e-06 8.81e-06 9.06e-06	
20190601 000000 9.05e-06 9.19e-06 8.8e-06 8.85e-06	
20190531 000000 9.53e-06 9.56e-06 8.97e-06 9.05e-06	
20190530 000000 9.32e-06 9.93e-06 9.02e-06 9.48e-06	
20190529 000000 8.99e-06 9.9e-06 8.79e-06 9.31e-06	
20190528 000000 8.73e-06 9.61e-06 8.54e-06 8.99e-06	
20190527 000000 9.41e-06 9.41e-06 8.27e-06 8.81e-06	
20190526 000000 8.98e-06 9.99e-06 8.94e-06 9.33e-06	
20190525 000000 9.28e-06 9.81e-06 8.86e-06 9e-06	
20190524 000000 9.55e-06 1.049e-05 9.14e-06 9.21e-06	
20190523 000000 9.24e-06 9.99e-06 9e-06 9.61e-06	
20190522 000000 8.85e-06 9.5e-06 8.84e-06 9.24e-06	
20190521 000000 8.73e-06 9.37e-06 8.45e-06 8.89e-06	
20190520 000000 8.75e-06 9.16e-06 8.42e-06 8.82e-06	
20190519 000000 9.46e-06 9.76e-06 8.69e-06 8.72e-06	
20190518 000000 9.7e-06 9.98e-06 9.24e-06 9.46e-06	
20190517 000000 9.48e-06 9.75e-06 8.57e-06 9.67e-06	
20190516 000000 8.81e-06 1.168e-05 8.08e-06 9.46e-06	
20190515 000000 7.59e-06 8.84e-06 7.34e-06 8.79e-06	
20190514 000000 7.6e-06 7.76e-06 7.06e-06 7.58e-06	
20190513 000000 8.2e-06 8.34e-06 7.53e-06 7.58e-06	
