20190611 000000 0.000255 0.000263 0.000254 0.000258	
20190610 000000 0.00025 0.000259 0.000246 0.000255	
20190609 000000 0.000261 0.000261 0.00025 0.000252	
20190608 000000 0.000261 0.000273 0.000258 0.000261	
20190607 000000 0.000249 0.000264 0.000248 0.000259	
20190606 000000 0.00025 0.000254 0.000246 0.000246	
20190605 000000 0.000258 0.00026 0.000249 0.000249	
20190604 000000 0.000244 0.000263 0.000241 0.000259	
20190603 000000 0.000244 0.000248 0.000238 0.000243	
20190602 000000 0.000239 0.000255 0.000238 0.000242	
20190601 000000 0.000241 0.000245 0.000235 0.000239	
20190531 000000 0.000245 0.000247 0.000227 0.000241	
20190530 000000 0.000241 0.000262 0.000238 0.000245	
20190529 000000 0.00025 0.000258 0.000233 0.000241	
20190528 000000 0.00023 0.000252 0.000229 0.000249	
20190527 000000 0.000248 0.000249 0.000227 0.00023	
20190526 000000 0.000244 0.00025 0.00024 0.000248	
20190525 000000 0.000238 0.00027 0.000233 0.000244	
20190524 000000 0.000245 0.000253 0.000235 0.000238	
20190523 000000 0.000252 0.000254 0.000239 0.000245	
20190522 000000 0.000253 0.000258 0.000249 0.000252	
20190521 000000 0.000255 0.000259 0.000249 0.000253	
20190520 000000 0.000255 0.000259 0.00025 0.000255	
20190519 000000 0.000266 0.000268 0.000254 0.000256	
20190518 000000 0.000271 0.000273 0.000261 0.000267	
20190517 000000 0.000291 0.000293 0.00026 0.000271	
20190516 000000 0.000257 0.000307 0.000243 0.00029	
20190515 000000 0.000239 0.000299 0.000233 0.000257	
20190514 000000 0.000247 0.000248 0.000224 0.000239	
20190513 000000 0.000256 0.000269 0.000247 0.000248	
