20190611 000000 0.015947 0.016534 0.015735 0.016456	
20190610 000000 0.014951 0.01607 0.014681 0.015959	
20190609 000000 0.014606 0.0152 0.0145 0.014962	
20190608 000000 0.014606 0.014928 0.014451 0.014617	
20190607 000000 0.013402 0.014614 0.013358 0.014607	
20190606 000000 0.013192 0.013433 0.013165 0.0134	
20190605 000000 0.01311 0.013412 0.012998 0.013195	
20190604 000000 0.013108 0.013257 0.012821 0.013106	
20190603 000000 0.013104 0.013384 0.013008 0.01311	
20190602 000000 0.013223 0.013332 0.013033 0.013104	
20190601 000000 0.013023 0.013552 0.012931 0.013221	
20190531 000000 0.013328 0.01339 0.01267 0.013024	
20190530 000000 0.013461 0.013561 0.01261 0.01333	
20190529 000000 0.013136 0.013521 0.012842 0.013468	
20190528 000000 0.013286 0.013693 0.012789 0.013136	
20190527 000000 0.012586 0.013327 0.012246 0.013276	
20190526 000000 0.012657 0.012923 0.012483 0.012586	
20190525 000000 0.012349 0.013112 0.012314 0.012656	
20190524 000000 0.011334 0.012649 0.011196 0.012358	
20190523 000000 0.011463 0.011747 0.010983 0.011329	
20190522 000000 0.0115 0.011628 0.011428 0.011464	
20190521 000000 0.011531 0.011698 0.011302 0.0115	
20190520 000000 0.01169 0.012014 0.011432 0.011527	
20190519 000000 0.011986 0.01204 0.011588 0.011693	
20190518 000000 0.01215 0.012274 0.011783 0.01199	
20190517 000000 0.012447 0.012626 0.011725 0.012153	
20190516 000000 0.011855 0.012952 0.011492 0.012455	
20190515 000000 0.011128 0.01191 0.011086 0.011856	
20190514 000000 0.011641 0.011765 0.011061 0.011127	
20190513 000000 0.01232 0.012381 0.011493 0.011639	
