20190611 000000 0.000323 0.000327 0.000313 0.000317	
20190610 000000 0.000323 0.00035 0.000311 0.000323	
20190609 000000 0.000319 0.000326 0.000313 0.000323	
20190608 000000 0.000313 0.00033 0.000311 0.000319	
20190607 000000 0.000313 0.00032 0.000308 0.000314	
20190606 000000 0.000313 0.000325 0.000308 0.000313	
20190605 000000 0.000313 0.000364 0.000299 0.000314	
20190604 000000 0.000299 0.000314 0.000287 0.000313	
20190603 000000 0.000299 0.000309 0.000295 0.000299	
20190602 000000 0.000304 0.000306 0.000294 0.000299	
20190601 000000 0.000309 0.000318 0.000299 0.000304	
20190531 000000 0.000298 0.000318 0.000294 0.000309	
20190530 000000 0.0003 0.000339 0.000297 0.000298	
20190529 000000 0.000308 0.000311 0.000293 0.000301	
20190528 000000 0.000294 0.000319 0.00029 0.000308	
20190527 000000 0.00033 0.00033 0.00029 0.000294	
20190526 000000 0.000319 0.000336 0.000314 0.000331	
20190525 000000 0.000346 0.000346 0.000313 0.000317	
20190524 000000 0.000378 0.000421 0.000342 0.000345	
20190523 000000 0.000391 0.0004 0.000346 0.000378	
20190522 000000 0.000321 0.00056 0.00032 0.000393	
20190521 000000 0.000325 0.000334 0.000305 0.000322	
20190520 000000 0.00031 0.000339 0.000294 0.000325	
20190519 000000 0.000333 0.000347 0.000306 0.000311	
20190518 000000 0.000326 0.000344 0.000324 0.000333	
20190517 000000 0.000344 0.000355 0.000316 0.000326	
20190516 000000 0.000323 0.000349 0.000305 0.000344	
20190515 000000 0.000278 0.00062 0.000272 0.000323	
20190514 000000 0.000296 0.000297 0.000272 0.000278	
20190513 000000 0.000319 0.000339 0.000295 0.000297	
