20190611 000000 1.162e-06 1.2142e-06 1.0001e-06 1.0815e-06	
20190610 000000 1.2903e-06 1.4731e-06 1.0773e-06 1.1707e-06	
20190609 000000 1.124e-06 1.55e-06 1.0857e-06 1.2812e-06	
20190608 000000 1.155e-06 1.19e-06 1.0609e-06 1.124e-06	
20190607 000000 1.1722e-06 1.1815e-06 1.05e-06 1.1596e-06	
20190606 000000 1.217e-06 1.2342e-06 1.0561e-06 1.1723e-06	
20190605 000000 1.059e-06 1.2354e-06 1e-06 1.2172e-06	
20190604 000000 8.876e-07 1.188e-06 8.758e-07 1.0591e-06	
20190603 000000 8.827e-07 9.241e-07 8.621e-07 8.81e-07	
20190602 000000 9.217e-07 9.6e-07 8.416e-07 8.83e-07	
20190601 000000 8.956e-07 1.05e-06 8.552e-07 9.215e-07	
20190531 000000 8.024e-07 9.198e-07 7.732e-07 8.936e-07	
20190530 000000 7.569e-07 8.179e-07 7.307e-07 8.023e-07	
20190529 000000 7.46e-07 9.5e-07 7e-07 7.585e-07	
20190528 000000 7.291e-07 7.57e-07 6.958e-07 7.453e-07	
20190527 000000 7.628e-07 7.992e-07 6.9e-07 7.292e-07	
20190526 000000 7.439e-07 7.638e-07 7.283e-07 7.575e-07	
20190525 000000 7.22e-07 7.76e-07 7.181e-07 7.44e-07	
20190524 000000 8.081e-07 8.113e-07 7.035e-07 7.221e-07	
20190523 000000 6.258e-07 1.05e-06 6.23e-07 8.086e-07	
20190522 000000 6.875e-07 7.07e-07 6.109e-07 6.26e-07	
20190521 000000 7.27e-07 7.54e-07 6.8e-07 6.875e-07	
20190520 000000 7.116e-07 7.993e-07 7.047e-07 7.351e-07	
20190519 000000 7.861e-07 7.96e-07 7e-07 7.11e-07	
20190518 000000 8.01e-07 8.666e-07 7.412e-07 7.861e-07	
20190517 000000 7.14e-07 8.3e-07 6.988e-07 8.077e-07	
20190516 000000 7.26e-07 7.72e-07 6.8e-07 7.141e-07	
20190515 000000 6.32e-07 7.642e-07 5.62e-07 7.23e-07	
20190514 000000 6.83e-07 6.99e-07 6.206e-07 6.322e-07	
20190513 000000 7.782e-07 8.115e-07 6.7e-07 6.85e-07	
