20190611 000000 1.27e-06 1.321e-06 1.257e-06 1.279e-06	
20190610 000000 1.306e-06 1.3284e-06 1.2401e-06 1.268e-06	
20190609 000000 1.2578e-06 1.32e-06 1.2353e-06 1.303e-06	
20190608 000000 1.214e-06 1.3e-06 1.1764e-06 1.255e-06	
20190607 000000 1.2479e-06 1.3333e-06 1.1e-06 1.216e-06	
20190606 000000 1.175e-06 1.2912e-06 1.1501e-06 1.277e-06	
20190605 000000 1.129e-06 1.19e-06 1.0932e-06 1.19e-06	
20190604 000000 1.124e-06 1.159e-06 1.098e-06 1.121e-06	
20190603 000000 1.141e-06 1.1792e-06 1.08e-06 1.11e-06	
20190602 000000 1.204e-06 1.215e-06 1.0901e-06 1.141e-06	
20190601 000000 1.178e-06 1.2711e-06 1.1677e-06 1.202e-06	
20190531 000000 1.175e-06 1.31e-06 1.152e-06 1.175e-06	
20190530 000000 1.183e-06 1.2403e-06 1.05e-06 1.175e-06	
20190529 000000 1.203e-06 1.2329e-06 1.16e-06 1.184e-06	
20190528 000000 1.224e-06 1.2452e-06 1.156e-06 1.202e-06	
20190527 000000 1.307e-06 1.3218e-06 1.1801e-06 1.224e-06	
20190526 000000 1.286e-06 1.45e-06 1.2718e-06 1.305e-06	
20190525 000000 1.315e-06 1.3514e-06 1.255e-06 1.281e-06	
20190524 000000 1.333e-06 1.4152e-06 1.31e-06 1.316e-06	
20190523 000000 1.375e-06 1.3975e-06 1.3202e-06 1.333e-06	
20190522 000000 1.32e-06 1.4444e-06 1.3019e-06 1.376e-06	
20190521 000000 1.293e-06 1.34e-06 1.2485e-06 1.32e-06	
20190520 000000 1.277e-06 1.3247e-06 1.235e-06 1.296e-06	
20190519 000000 1.32e-06 1.347e-06 1.2204e-06 1.277e-06	
20190518 000000 1.374e-06 1.425e-06 1.2492e-06 1.317e-06	
20190517 000000 1.367e-06 1.4151e-06 1.2565e-06 1.374e-06	
20190516 000000 1.4488e-06 1.4848e-06 1.2984e-06 1.358e-06	
20190515 000000 1.317e-06 1.4574e-06 1.2746e-06 1.443e-06	
20190514 000000 1.339e-06 1.343e-06 1.1794e-06 1.314e-06	
20190513 000000 1.461e-06 1.4909e-06 1.3248e-06 1.339e-06	
