20190611 000000 7.44e-06 7.55e-06 7.36e-06 7.37e-06	
20190610 000000 7.51e-06 8.02e-06 7.33e-06 7.44e-06	
20190609 000000 7.41e-06 8.1e-06 7.31e-06 7.51e-06	
20190608 000000 7.24e-06 7.57e-06 7.1e-06 7.41e-06	
20190607 000000 7.23e-06 7.59e-06 7.09e-06 7.24e-06	
20190606 000000 6.77e-06 7.58e-06 6.72e-06 7.25e-06	
20190605 000000 6.91e-06 6.97e-06 6.64e-06 6.75e-06	
20190604 000000 6.8e-06 6.94e-06 6.57e-06 6.91e-06	
20190603 000000 6.9e-06 7.11e-06 6.75e-06 6.8e-06	
20190602 000000 7.05e-06 7.11e-06 6.83e-06 6.88e-06	
20190601 000000 7.18e-06 7.2e-06 6.81e-06 7.05e-06	
20190531 000000 6.9e-06 7.6e-06 6.67e-06 7.17e-06	
20190530 000000 7.26e-06 7.44e-06 6.91e-06 6.91e-06	
20190529 000000 7.04e-06 8.13e-06 6.9e-06 7.28e-06	
20190528 000000 6.86e-06 7.17e-06 6.8e-06 7.04e-06	
20190527 000000 7.48e-06 7.54e-06 6.67e-06 6.87e-06	
20190526 000000 7.48e-06 8.06e-06 7.27e-06 7.48e-06	
20190525 000000 7.34e-06 7.85e-06 7.24e-06 7.49e-06	
20190524 000000 7.47e-06 8.69e-06 7.32e-06 7.34e-06	
20190523 000000 7.51e-06 7.7e-06 7.06e-06 7.46e-06	
20190522 000000 7.11e-06 7.63e-06 7.05e-06 7.52e-06	
20190521 000000 6.9e-06 7.49e-06 6.75e-06 7.09e-06	
20190520 000000 7.14e-06 7.16e-06 6.73e-06 6.89e-06	
20190519 000000 7.59e-06 7.7e-06 7e-06 7.15e-06	
20190518 000000 7.06e-06 7.81e-06 7.02e-06 7.6e-06	
20190517 000000 7.17e-06 7.67e-06 6.68e-06 7.07e-06	
20190516 000000 7.13e-06 7.39e-06 6.47e-06 7.15e-06	
20190515 000000 6.21e-06 7.21e-06 6.14e-06 7.15e-06	
20190514 000000 6.44e-06 6.54e-06 5.83e-06 6.21e-06	
20190513 000000 6.69e-06 7.48e-06 6.33e-06 6.44e-06	
