20190611 000000 1.356e-05 1.524e-05 1.324e-05 1.449e-05	
20190610 000000 1.444e-05 1.453e-05 1.323e-05 1.356e-05	
20190609 000000 1.505e-05 1.545e-05 1.425e-05 1.44e-05	
20190608 000000 1.433e-05 1.583e-05 1.42e-05 1.505e-05	
20190607 000000 1.502e-05 1.58e-05 1.421e-05 1.433e-05	
20190606 000000 1.511e-05 1.528e-05 1.435e-05 1.504e-05	
20190605 000000 1.418e-05 1.57e-05 1.35e-05 1.508e-05	
20190604 000000 1.375e-05 1.45e-05 1.34e-05 1.419e-05	
20190603 000000 1.418e-05 1.58e-05 1.308e-05 1.368e-05	
20190602 000000 1.552e-05 1.6e-05 1.312e-05 1.42e-05	
20190601 000000 1.34e-05 1.67e-05 1.307e-05 1.572e-05	
20190531 000000 1.256e-05 1.398e-05 1.21e-05 1.34e-05	
20190530 000000 1.259e-05 1.34e-05 1.187e-05 1.266e-05	
20190529 000000 1.168e-05 1.315e-05 1.145e-05 1.259e-05	
20190528 000000 1.187e-05 1.227e-05 1.14e-05 1.168e-05	
20190527 000000 1.26e-05 1.274e-05 1.142e-05 1.192e-05	
20190526 000000 1.217e-05 1.326e-05 1.208e-05 1.26e-05	
20190525 000000 1.205e-05 1.29e-05 1.177e-05 1.237e-05	
20190524 000000 1.286e-05 1.337e-05 1.19e-05 1.211e-05	
20190523 000000 1.154e-05 1.399e-05 1.144e-05 1.289e-05	
20190522 000000 1.237e-05 1.264e-05 1.118e-05 1.154e-05	
20190521 000000 1.306e-05 1.33e-05 1.123e-05 1.239e-05	
20190520 000000 1.408e-05 1.408e-05 1.153e-05 1.297e-05	
20190519 000000 1.377e-05 1.427e-05 1.255e-05 1.375e-05	
20190518 000000 1.346e-05 1.392e-05 1.243e-05 1.377e-05	
20190517 000000 1.301e-05 1.392e-05 1.199e-05 1.35e-05	
20190516 000000 1.315e-05 1.451e-05 1.198e-05 1.289e-05	
20190515 000000 1.116e-05 1.61e-05 1.114e-05 1.316e-05	
20190514 000000 1.1e-05 1.358e-05 1.01e-05 1.118e-05	
20190513 000000 1.231e-05 1.29e-05 1.041e-05 1.103e-05	
