20190611 000000 0.00077 0.000868 0.000766 0.000844	
20190610 000000 0.00076 0.000787 0.000755 0.000766	
20190609 000000 0.000777 0.000813 0.00076 0.00076	
20190608 000000 0.000744 0.00085 0.000737 0.000773	
20190607 000000 0.000753 0.000765 0.000737 0.00074	
20190606 000000 0.000764 0.00077 0.00074 0.000755	
20190605 000000 0.000782 0.000784 0.000754 0.000764	
20190604 000000 0.000758 0.000786 0.00074 0.000782	
20190603 000000 0.000782 0.000791 0.000747 0.000756	
20190602 000000 0.000766 0.000785 0.000756 0.000785	
20190601 000000 0.000781 0.000804 0.000756 0.000766	
20190531 000000 0.000766 0.000816 0.00076 0.000781	
20190530 000000 0.000776 0.000831 0.000752 0.000766	
20190529 000000 0.000766 0.000817 0.000756 0.00077	
20190528 000000 0.000841 0.000855 0.000753 0.000766	
20190527 000000 0.000694 0.0009 0.00066 0.000834	
20190526 000000 0.000646 0.000811 0.00064 0.00069	
20190525 000000 0.000643 0.000661 0.00064 0.000645	
20190524 000000 0.000665 0.000681 0.00064 0.000644	
20190523 000000 0.000641 0.000724 0.000638 0.000665	
20190522 000000 0.000631 0.000678 0.000623 0.000636	
20190521 000000 0.000633 0.000644 0.00061 0.000631	
20190520 000000 0.000625 0.000634 0.0006 0.000631	
20190519 000000 0.000682 0.00069 0.000618 0.000625	
20190518 000000 0.000684 0.000685 0.000664 0.000683	
20190517 000000 0.000685 0.000734 0.000624 0.000684	
20190516 000000 0.00063 0.000717 0.000591 0.000682	
20190515 000000 0.000578 0.000635 0.000572 0.000631	
20190514 000000 0.000643 0.000655 0.000573 0.000578	
20190513 000000 0.000668 0.000723 0.00064 0.000644	
