20190611 000000 1.62e-06 1.62e-06 1.559e-06 1.595e-06	
20190610 000000 1.585e-06 1.67e-06 1.538e-06 1.619e-06	
20190609 000000 1.536e-06 1.65e-06 1.5046e-06 1.58e-06	
20190608 000000 1.514e-06 1.551e-06 1.491e-06 1.535e-06	
20190607 000000 1.562e-06 1.6012e-06 1.4982e-06 1.512e-06	
20190606 000000 1.566e-06 1.576e-06 1.5091e-06 1.563e-06	
20190605 000000 1.592e-06 1.602e-06 1.513e-06 1.569e-06	
20190604 000000 1.61e-06 1.643e-06 1.4838e-06 1.595e-06	
20190603 000000 1.6521e-06 1.655e-06 1.548e-06 1.61e-06	
20190602 000000 1.6351e-06 1.7843e-06 1.5507e-06 1.659e-06	
20190601 000000 1.6861e-06 1.71e-06 1.5277e-06 1.6321e-06	
20190531 000000 1.515e-06 1.8829e-06 1.498e-06 1.6861e-06	
20190530 000000 1.411e-06 1.683e-06 1.411e-06 1.5117e-06	
20190529 000000 1.434e-06 1.455e-06 1.3794e-06 1.413e-06	
20190528 000000 1.454e-06 1.4805e-06 1.4112e-06 1.435e-06	
20190527 000000 1.542e-06 1.6068e-06 1.373e-06 1.453e-06	
20190526 000000 1.564e-06 1.6092e-06 1.4927e-06 1.545e-06	
20190525 000000 1.476e-06 1.64e-06 1.4524e-06 1.565e-06	
20190524 000000 1.496e-06 1.5469e-06 1.395e-06 1.473e-06	
20190523 000000 1.525e-06 1.5591e-06 1.417e-06 1.472e-06	
20190522 000000 1.56e-06 1.587e-06 1.4697e-06 1.524e-06	
20190521 000000 1.5718e-06 1.609e-06 1.467e-06 1.566e-06	
20190520 000000 1.486e-06 1.7252e-06 1.415e-06 1.562e-06	
20190519 000000 1.515e-06 1.5155e-06 1.4016e-06 1.475e-06	
20190518 000000 1.511e-06 1.539e-06 1.4431e-06 1.514e-06	
20190517 000000 1.546e-06 1.552e-06 1.3827e-06 1.513e-06	
20190516 000000 1.4964e-06 1.7e-06 1.3347e-06 1.549e-06	
20190515 000000 1.3601e-06 1.5082e-06 1.328e-06 1.4601e-06	
20190514 000000 1.4381e-06 1.46e-06 1.27e-06 1.3601e-06	
20190513 000000 1.62e-06 1.62e-06 1.414e-06 1.46e-06	
