20190611 000000 1.1371e-06 1.1907e-06 1.0801e-06 1.188e-06	
20190610 000000 1.123e-06 1.168e-06 1.0201e-06 1.1293e-06	
20190609 000000 1.264e-06 1.4636e-06 1.11e-06 1.134e-06	
20190608 000000 1.426e-06 1.451e-06 1.12e-06 1.2544e-06	
20190607 000000 9.89e-07 1.6798e-06 9.869e-07 1.423e-06	
20190606 000000 9.41e-07 9.999e-07 9.17e-07 9.9e-07	
20190605 000000 9.57e-07 9.872e-07 9.154e-07 9.41e-07	
20190604 000000 9.48e-07 9.844e-07 9.24e-07 9.55e-07	
20190603 000000 9.55e-07 1e-06 9.281e-07 9.45e-07	
20190602 000000 9.59e-07 9.899e-07 9.501e-07 9.56e-07	
20190601 000000 1.005e-06 1.0469e-06 9.4e-07 9.57e-07	
20190531 000000 1.014e-06 1.0599e-06 9.29e-07 1.005e-06	
20190530 000000 9.53e-07 1.0487e-06 9.05e-07 9.987e-07	
20190529 000000 9.57e-07 9.97e-07 8.95e-07 9.52e-07	
20190528 000000 9.31e-07 9.85e-07 9.114e-07 9.57e-07	
20190527 000000 9.82e-07 1.006e-06 9.04e-07 9.31e-07	
20190526 000000 1.008e-06 1.014e-06 9.555e-07 9.95e-07	
20190525 000000 1.032e-06 1.042e-06 9.733e-07 1.011e-06	
20190524 000000 1.04e-06 1.0798e-06 9.801e-07 1.032e-06	
20190523 000000 9.7e-07 1.173e-06 9.561e-07 1.038e-06	
20190522 000000 9.53e-07 1.05e-06 9.102e-07 9.7e-07	
20190521 000000 1.0574e-06 1.15e-06 9e-07 9.48e-07	
20190520 000000 9.86e-07 1.0999e-06 9.515e-07 1.075e-06	
20190519 000000 1.063e-06 1.124e-06 9.518e-07 9.86e-07	
20190518 000000 1.108e-06 1.111e-06 9.93e-07 1.063e-06	
20190517 000000 1.062e-06 1.1264e-06 9.769e-07 1.108e-06	
20190516 000000 1.011e-06 1.1177e-06 9.525e-07 1.06e-06	
20190515 000000 9.236e-07 1.0721e-06 8.5e-07 1.011e-06	
20190514 000000 9.5e-07 1.17e-06 8.18e-07 9.236e-07	
20190513 000000 1.066e-06 1.1006e-06 9e-07 9.53e-07	
