20190611 000000 1.321e-07 1.39e-07 1.23e-07 1.36e-07	
20190610 000000 1.58e-07 1.59e-07 1.251e-07 1.322e-07	
20190609 000000 1.77e-07 1.78e-07 1.456e-07 1.58e-07	
20190608 000000 1.493e-07 1.896e-07 1.468e-07 1.788e-07	
20190607 000000 1.477e-07 1.99e-07 1.342e-07 1.48e-07	
20190606 000000 1.19e-07 1.511e-07 1.12e-07 1.489e-07	
20190605 000000 1.15e-07 1.304e-07 1.08e-07 1.19e-07	
20190604 000000 1.18e-07 1.22e-07 1.06e-07 1.15e-07	
20190603 000000 1.31e-07 1.32e-07 1.1e-07 1.16e-07	
20190602 000000 1.32e-07 1.387e-07 1.2e-07 1.31e-07	
20190601 000000 1.35e-07 1.4e-07 1.246e-07 1.32e-07	
20190531 000000 1.363e-07 1.372e-07 1.251e-07 1.35e-07	
20190530 000000 1.33e-07 1.46e-07 1.245e-07 1.363e-07	
20190529 000000 1.4e-07 1.528e-07 1.221e-07 1.33e-07	
20190528 000000 1.385e-07 1.479e-07 1.201e-07 1.4e-07	
20190527 000000 1.52e-07 1.53e-07 1.316e-07 1.38e-07	
20190526 000000 1.47e-07 1.599e-07 1.404e-07 1.53e-07	
20190525 000000 1.42e-07 1.644e-07 1.33e-07 1.46e-07	
20190524 000000 1.42e-07 1.53e-07 1.338e-07 1.415e-07	
20190523 000000 1.5e-07 1.711e-07 1.333e-07 1.42e-07	
20190522 000000 1.78e-07 1.78e-07 1.419e-07 1.5e-07	
20190521 000000 2.071e-07 2.071e-07 1.627e-07 1.78e-07	
20190520 000000 1.76e-07 2.3e-07 1.7e-07 2.086e-07	
20190519 000000 1.497e-07 1.96e-07 1.497e-07 1.74e-07	
20190518 000000 1.45e-07 2.041e-07 1.25e-07 1.498e-07	
20190517 000000 1.177e-07 2.364e-07 1.102e-07 1.45e-07	
20190516 000000 1.169e-07 1.264e-07 1.09e-07 1.19e-07	
20190515 000000 1.05e-07 1.176e-07 1.001e-07 1.169e-07	
20190514 000000 1.2e-07 1.295e-07 9.57e-08 1.04e-07	
20190513 000000 1.36e-07 1.37e-07 1.135e-07 1.18e-07	
