20190611 000000 4.24e-07 4.26e-07 3.918e-07 4.02e-07	
20190610 000000 4.53e-07 4.53e-07 3.9e-07 4.24e-07	
20190609 000000 4.199e-07 4.6e-07 4.009e-07 4.515e-07	
20190608 000000 4.1e-07 4.212e-07 3.844e-07 4.208e-07	
20190607 000000 4.044e-07 4.365e-07 3.803e-07 4.103e-07	
20190606 000000 3.725e-07 4.1e-07 3.716e-07 4.05e-07	
20190605 000000 3.52e-07 4.148e-07 3.386e-07 3.729e-07	
20190604 000000 3.575e-07 3.647e-07 3.423e-07 3.53e-07	
20190603 000000 3.64e-07 3.647e-07 3.502e-07 3.59e-07	
20190602 000000 3.8e-07 3.829e-07 3.501e-07 3.642e-07	
20190601 000000 3.676e-07 3.96e-07 3.523e-07 3.8e-07	
20190531 000000 3.715e-07 3.849e-07 3.523e-07 3.67e-07	
20190530 000000 3.872e-07 3.954e-07 3.606e-07 3.734e-07	
20190529 000000 3.86e-07 3.989e-07 3.715e-07 3.88e-07	
20190528 000000 4.02e-07 4.021e-07 3.544e-07 3.857e-07	
20190527 000000 4.527e-07 4.554e-07 3.736e-07 4.017e-07	
20190526 000000 4.07e-07 5.5e-07 4.044e-07 4.53e-07	
20190525 000000 3.85e-07 5.216e-07 3.8e-07 4.07e-07	
20190524 000000 4.03e-07 4.378e-07 3.8e-07 3.856e-07	
20190523 000000 4.17e-07 4.2e-07 3.537e-07 4.03e-07	
20190522 000000 3.97e-07 4.297e-07 3.916e-07 4.179e-07	
20190521 000000 3.925e-07 4.256e-07 3.789e-07 3.98e-07	
20190520 000000 4.104e-07 4.23e-07 3.8e-07 3.93e-07	
20190519 000000 4.23e-07 4.57e-07 3.89e-07 4.12e-07	
20190518 000000 4.57e-07 4.881e-07 3.988e-07 4.213e-07	
20190517 000000 4.499e-07 4.748e-07 4.158e-07 4.58e-07	
20190516 000000 4.31e-07 5.026e-07 4.1e-07 4.513e-07	
20190515 000000 3.98e-07 4.506e-07 3.212e-07 4.31e-07	
20190514 000000 4.721e-07 4.73e-07 3.918e-07 3.98e-07	
20190513 000000 5.175e-07 5.374e-07 4.612e-07 4.72e-07	
