20190611 000000 6.329e-05 8.688e-05 6.31e-05 8.052e-05	
20190610 000000 6.142e-05 6.451e-05 5.991e-05 6.321e-05	
20190609 000000 6.233e-05 6.402e-05 6.049e-05 6.142e-05	
20190608 000000 6.163e-05 6.784e-05 6.14e-05 6.214e-05	
20190607 000000 6.045e-05 6.215e-05 5.834e-05 6.152e-05	
20190606 000000 5.919e-05 6.21e-05 5.906e-05 6.033e-05	
20190605 000000 5.915e-05 6.21e-05 5.759e-05 5.894e-05	
20190604 000000 5.823e-05 5.988e-05 5.615e-05 5.913e-05	
20190603 000000 5.758e-05 6.015e-05 5.585e-05 5.828e-05	
20190602 000000 5.342e-05 6.047e-05 5.297e-05 5.753e-05	
20190601 000000 5.426e-05 5.564e-05 5.341e-05 5.352e-05	
20190531 000000 5.573e-05 5.672e-05 5.299e-05 5.426e-05	
20190530 000000 5.581e-05 6.075e-05 5.558e-05 5.571e-05	
20190529 000000 5.633e-05 5.756e-05 5.431e-05 5.591e-05	
20190528 000000 5.416e-05 5.642e-05 5.365e-05 5.64e-05	
20190527 000000 5.953e-05 5.963e-05 5.266e-05 5.408e-05	
20190526 000000 5.918e-05 6.4e-05 5.793e-05 5.96e-05	
20190525 000000 5.833e-05 6.214e-05 5.678e-05 5.917e-05	
20190524 000000 6.093e-05 6.455e-05 5.809e-05 5.837e-05	
20190523 000000 6.413e-05 6.6e-05 5.837e-05 6.091e-05	
20190522 000000 5.597e-05 7.495e-05 5.584e-05 6.386e-05	
20190521 000000 5.399e-05 6.562e-05 5.292e-05 5.596e-05	
20190520 000000 5.521e-05 5.58e-05 5.237e-05 5.393e-05	
20190519 000000 5.774e-05 5.972e-05 5.411e-05 5.508e-05	
20190518 000000 5.881e-05 6.562e-05 5.723e-05 5.773e-05	
20190517 000000 5.959e-05 5.983e-05 5.548e-05 5.879e-05	
20190516 000000 5.754e-05 6.218e-05 5.548e-05 5.966e-05	
20190515 000000 5.196e-05 7.098e-05 5.099e-05 5.754e-05	
20190514 000000 5.38e-05 6.394e-05 5e-05 5.134e-05	
20190513 000000 6.01e-05 6.184e-05 5.298e-05 5.372e-05	
