20190611 000000 5.92e-06 5.92e-06 5.62e-06 5.8e-06	
20190610 000000 6.13e-06 6.79e-06 5.61e-06 6e-06	
20190609 000000 6.58e-06 6.58e-06 5.8e-06 6.12e-06	
20190608 000000 6.4e-06 6.8e-06 6.23e-06 6.5e-06	
20190607 000000 6.32e-06 6.58e-06 5.83e-06 6.41e-06	
20190606 000000 6.01e-06 6.52e-06 5.8e-06 6.32e-06	
20190605 000000 5.83e-06 6.79e-06 5.53e-06 6.12e-06	
20190604 000000 5.92e-06 6e-06 5.3e-06 5.87e-06	
20190603 000000 6.16e-06 6.32e-06 5.82e-06 5.87e-06	
20190602 000000 6.46e-06 6.67e-06 5.91e-06 6.23e-06	
20190601 000000 6.7e-06 6.86e-06 6.36e-06 6.62e-06	
20190531 000000 6.64e-06 6.95e-06 6.36e-06 6.86e-06	
20190530 000000 6.54e-06 6.89e-06 6.53e-06 6.62e-06	
20190529 000000 6.93e-06 6.96e-06 6.43e-06 6.69e-06	
20190528 000000 6.82e-06 7.1e-06 6.68e-06 7.06e-06	
20190527 000000 7.29e-06 7.29e-06 6.32e-06 7.06e-06	
20190526 000000 7.05e-06 7.49e-06 6.88e-06 7.29e-06	
20190525 000000 6.8e-06 7.23e-06 6.64e-06 7.15e-06	
20190524 000000 6.93e-06 6.99e-06 6.64e-06 6.72e-06	
20190523 000000 6.69e-06 9.58e-06 6.32e-06 6.94e-06	
20190522 000000 6.91e-06 7.07e-06 6.13e-06 6.72e-06	
20190521 000000 7.25e-06 7.52e-06 6.44e-06 6.89e-06	
20190520 000000 7.18e-06 7.65e-06 6.56e-06 7.23e-06	
20190519 000000 7.53e-06 7.99e-06 7.06e-06 7.28e-06	
20190518 000000 7.91e-06 8.26e-06 7.26e-06 7.52e-06	
20190517 000000 8.47e-06 8.69e-06 7.32e-06 7.98e-06	
20190516 000000 7.73e-06 8.57e-06 7.45e-06 8.21e-06	
20190515 000000 7.36e-06 7.9e-06 7.12e-06 7.72e-06	
20190514 000000 7.39e-06 1.033e-05 7.1e-06 7.66e-06	
20190513 000000 8.48e-06 8.85e-06 7.15e-06 7.39e-06	
