20190611 000000 5.73e-07 6.421e-07 5.626e-07 6.06e-07	
20190610 000000 5.87e-07 6.158e-07 5.629e-07 5.72e-07	
20190609 000000 6.22e-07 6.23e-07 5.749e-07 5.86e-07	
20190608 000000 6.698e-07 6.698e-07 5.841e-07 6.21e-07	
20190607 000000 6.71e-07 6.783e-07 6.205e-07 6.66e-07	
20190606 000000 5.8e-07 7.038e-07 5.6e-07 6.72e-07	
20190605 000000 5.94e-07 6.337e-07 5.578e-07 5.8e-07	
20190604 000000 6.23e-07 6.25e-07 5.558e-07 5.96e-07	
20190603 000000 7.32e-07 7.32e-07 6.017e-07 6.15e-07	
20190602 000000 7.67e-07 7.975e-07 7.15e-07 7.32e-07	
20190601 000000 7.398e-07 8.015e-07 7.322e-07 7.67e-07	
20190531 000000 7.67e-07 7.7e-07 7.292e-07 7.42e-07	
20190530 000000 7.49e-07 8.68e-07 7.223e-07 7.67e-07	
20190529 000000 6.64e-07 7.623e-07 6.24e-07 7.49e-07	
20190528 000000 6.482e-07 6.71e-07 6.1e-07 6.65e-07	
20190527 000000 7.283e-07 7.346e-07 5.74e-07 6.464e-07	
20190526 000000 5.898e-07 7.7e-07 5.65e-07 7.199e-07	
20190525 000000 5.558e-07 6.035e-07 5.2e-07 5.897e-07	
20190524 000000 5.426e-07 5.837e-07 5.1e-07 5.571e-07	
20190523 000000 4.94e-07 6.15e-07 4.55e-07 5.424e-07	
20190522 000000 5.7e-07 5.7e-07 4.85e-07 4.97e-07	
20190521 000000 5.65e-07 6e-07 5.301e-07 5.71e-07	
20190520 000000 6.295e-07 6.295e-07 4.903e-07 5.667e-07	
20190519 000000 8.9e-07 9.078e-07 5.862e-07 6.296e-07	
20190518 000000 1.149e-06 1.151e-06 8.357e-07 8.95e-07	
20190517 000000 1.1076e-06 1.185e-06 1.036e-06 1.147e-06	
20190516 000000 1.3138e-06 1.3156e-06 9.1e-07 1.101e-06	
20190515 000000 1.438e-06 1.5168e-06 1.3022e-06 1.3138e-06	
20190514 000000 1.3749e-06 1.549e-06 1.2884e-06 1.438e-06	
20190513 000000 1.136e-06 1.546e-06 1.0944e-06 1.3749e-06	
