20190611 000000 0.0002 0.000202 0.000193 0.000195	
20190610 000000 0.000198 0.000203 0.000193 0.0002	
20190609 000000 0.0002 0.000205 0.000197 0.000198	
20190608 000000 0.000202 0.000204 0.000194 0.0002	
20190607 000000 0.000189 0.000203 0.000188 0.000202	
20190606 000000 0.000191 0.000195 0.000188 0.00019	
20190605 000000 0.000196 0.000198 0.000188 0.00019	
20190604 000000 0.000198 0.000201 0.000193 0.000196	
20190603 000000 0.000203 0.000207 0.000195 0.000198	
20190602 000000 0.000196 0.000208 0.000195 0.000204	
20190601 000000 0.000198 0.000206 0.000194 0.000197	
20190531 000000 0.000206 0.00021 0.000196 0.000198	
20190530 000000 0.000205 0.000221 0.000203 0.000206	
20190529 000000 0.000202 0.000205 0.000194 0.000204	
20190528 000000 0.000196 0.000206 0.000196 0.000204	
20190527 000000 0.000209 0.000213 0.000195 0.000196	
20190526 000000 0.000208 0.000213 0.000206 0.000211	
20190525 000000 0.000212 0.000214 0.000206 0.000208	
20190524 000000 0.000212 0.000217 0.000209 0.000212	
20190523 000000 0.000216 0.000217 0.000206 0.000211	
20190522 000000 0.000221 0.000224 0.000213 0.000216	
20190521 000000 0.000219 0.000228 0.000211 0.000221	
20190520 000000 0.000226 0.000228 0.000212 0.000217	
20190519 000000 0.000235 0.000237 0.00022 0.000225	
20190518 000000 0.000239 0.000242 0.000231 0.000235	
20190517 000000 0.000237 0.000243 0.00022 0.000239	
20190516 000000 0.000235 0.000257 0.000221 0.000236	
20190515 000000 0.000213 0.000236 0.000211 0.000235	
20190514 000000 0.000227 0.000238 0.000207 0.000214	
20190513 000000 0.000238 0.000247 0.000224 0.000228	
