20190611 000000 0.00023432 0.00027 0.00021144 0.00022028	
20190610 000000 0.00016732 0.00025242 0.00016369 0.00023302	
20190609 000000 0.00013824 0.00017 0.00013709 0.00016718	
20190608 000000 0.00014122 0.00014213 0.00013793 0.000138	
20190607 000000 0.00013884 0.00014273 0.00013652 0.00014157	
20190606 000000 0.0001358 0.00014049 0.00013431 0.00013876	
20190605 000000 0.00013526 0.00013838 0.000132 0.0001358	
20190604 000000 0.00013449 0.00013837 0.000132 0.00013522	
20190603 000000 0.00013728 0.00013901 0.00013302 0.00013449	
20190602 000000 0.00014032 0.00014218 0.00013599 0.00013723	
20190601 000000 0.00013735 0.00014436 0.00013713 0.00014026	
20190531 000000 0.00013744 0.00014196 0.00013483 0.00013736	
20190530 000000 0.00013652 0.00015 0.00013271 0.00013756	
20190529 000000 0.00013555 0.00014 0.00013234 0.00013652	
20190528 000000 0.00013642 0.000153 0.00013089 0.00013552	
20190527 000000 0.0001416 0.000153 0.00013019 0.00013625	
20190526 000000 0.00013928 0.00014359 0.00013803 0.00014161	
20190525 000000 0.00013723 0.00014493 0.00013689 0.00013933	
20190524 000000 0.00013974 0.00014304 0.00013623 0.00013703	
20190523 000000 0.00014199 0.00014624 0.0001351 0.00013968	
20190522 000000 0.00014354 0.00014552 0.00013896 0.00014209	
20190521 000000 0.00013927 0.00014798 0.00013501 0.00014367	
20190520 000000 0.00014467 0.00014591 0.00013677 0.00013927	
20190519 000000 0.00014973 0.00015906 0.00014226 0.00014486	
20190518 000000 0.00014913 0.00015434 0.00014738 0.00014976	
20190517 000000 0.00015756 0.000162 0.00014491 0.00014938	
20190516 000000 0.00015097 0.00016792 0.00014667 0.0001576	
20190515 000000 0.00013227 0.000154 0.00013127 0.00015093	
20190514 000000 0.00013064 0.00014444 0.00012787 0.00013221	
20190513 000000 0.00013501 0.00014447 0.00012826 0.00013085	
