20190611 000000 2.693e-07 2.797e-07 2.692e-07 2.73e-07	
20190610 000000 2.78e-07 2.797e-07 2.677e-07 2.694e-07	
20190609 000000 2.772e-07 2.824e-07 2.756e-07 2.793e-07	
20190608 000000 2.794e-07 2.82e-07 2.739e-07 2.769e-07	
20190607 000000 2.688e-07 2.85e-07 2.641e-07 2.798e-07	
20190606 000000 2.67e-07 2.72e-07 2.565e-07 2.686e-07	
20190605 000000 2.67e-07 2.714e-07 2.639e-07 2.664e-07	
20190604 000000 2.7e-07 2.798e-07 2.64e-07 2.663e-07	
20190603 000000 2.704e-07 2.8e-07 2.659e-07 2.7e-07	
20190602 000000 2.702e-07 2.8e-07 2.69e-07 2.71e-07	
20190601 000000 2.704e-07 2.8e-07 2.683e-07 2.72e-07	
20190531 000000 2.726e-07 2.95e-07 2.689e-07 2.71e-07	
20190530 000000 2.86e-07 2.86e-07 2.678e-07 2.725e-07	
20190529 000000 2.691e-07 2.981e-07 2.672e-07 2.859e-07	
20190528 000000 2.518e-07 2.8e-07 2.483e-07 2.7e-07	
20190527 000000 2.67e-07 2.74e-07 2.472e-07 2.518e-07	
20190526 000000 2.553e-07 2.779e-07 2.5e-07 2.67e-07	
20190525 000000 2.703e-07 2.713e-07 2.501e-07 2.57e-07	
20190524 000000 2.73e-07 2.81e-07 2.644e-07 2.7e-07	
20190523 000000 2.7e-07 2.842e-07 2.614e-07 2.73e-07	
20190522 000000 2.805e-07 2.842e-07 2.6e-07 2.7e-07	
20190521 000000 2.606e-07 3.209e-07 2.551e-07 2.799e-07	
20190520 000000 2.53e-07 2.643e-07 2.419e-07 2.607e-07	
20190519 000000 2.733e-07 2.815e-07 2.507e-07 2.52e-07	
20190518 000000 2.639e-07 2.836e-07 2.59e-07 2.75e-07	
20190517 000000 2.669e-07 2.835e-07 2.464e-07 2.64e-07	
20190516 000000 2.62e-07 2.921e-07 2.498e-07 2.68e-07	
20190515 000000 2.32e-07 2.733e-07 2.29e-07 2.62e-07	
20190514 000000 2.51e-07 2.53e-07 2.24e-07 2.32e-07	
20190513 000000 2.705e-07 2.72e-07 2.5e-07 2.51e-07	
