20190611 000000 6.68e-07 6.796e-07 6.408e-07 6.63e-07	
20190610 000000 6.87e-07 6.989e-07 6.38e-07 6.67e-07	
20190609 000000 7.19e-07 7.23e-07 6.5e-07 6.88e-07	
20190608 000000 6.579e-07 8.366e-07 6.579e-07 7.243e-07	
20190607 000000 6.575e-07 7.56e-07 6.29e-07 6.65e-07	
20190606 000000 6.21e-07 6.894e-07 6.02e-07 6.574e-07	
20190605 000000 6.565e-07 6.68e-07 5.9e-07 6.21e-07	
20190604 000000 6.15e-07 6.678e-07 6.05e-07 6.46e-07	
20190603 000000 6.686e-07 6.75e-07 6.001e-07 6.2e-07	
20190602 000000 7.02e-07 7.109e-07 6.001e-07 6.685e-07	
20190601 000000 7e-07 7.699e-07 6.408e-07 7.02e-07	
20190531 000000 6.27e-07 8.7e-07 5.914e-07 7.103e-07	
20190530 000000 5.989e-07 6.9e-07 5.7e-07 6.27e-07	
20190529 000000 6e-07 6.34e-07 5.711e-07 6.006e-07	
20190528 000000 6.1e-07 6.8e-07 5.679e-07 6.04e-07	
20190527 000000 6.849e-07 6.849e-07 5.71e-07 6.14e-07	
20190526 000000 6.43e-07 6.91e-07 6.363e-07 6.8e-07	
20190525 000000 6.772e-07 8.595e-07 6.208e-07 6.43e-07	
20190524 000000 6.83e-07 7.246e-07 6.501e-07 6.772e-07	
20190523 000000 6.63e-07 7.888e-07 6.209e-07 6.85e-07	
20190522 000000 7.65e-07 7.791e-07 6.628e-07 6.63e-07	
20190521 000000 8.14e-07 9.999e-07 7.09e-07 7.65e-07	
20190520 000000 8.73e-07 8.829e-07 7.404e-07 8.14e-07	
20190519 000000 9.49e-07 1.16e-06 8.022e-07 8.72e-07	
20190518 000000 1.241e-06 1.3898e-06 9.067e-07 9.49e-07	
20190517 000000 7.9e-07 1.57e-06 7.264e-07 1.2336e-06	
20190516 000000 6.91e-07 7.937e-07 6.85e-07 7.901e-07	
20190515 000000 6.05e-07 7.166e-07 5.9e-07 6.91e-07	
20190514 000000 6.31e-07 6.551e-07 5.5e-07 6.04e-07	
20190513 000000 6.99e-07 7.02e-07 6.13e-07 6.32e-07	
