20190611 000000 0.00155 0.00156 0.001513 0.001529	
20190610 000000 0.001499 0.001628 0.001481 0.001549	
20190609 000000 0.001515 0.001531 0.001497 0.001499	
20190608 000000 0.001531 0.001557 0.001508 0.001515	
20190607 000000 0.001489 0.001547 0.001463 0.001531	
20190606 000000 0.001485 0.001511 0.001475 0.001488	
20190605 000000 0.001523 0.00153 0.001458 0.001483	
20190604 000000 0.001559 0.001565 0.001507 0.001523	
20190603 000000 0.001608 0.001618 0.001534 0.001559	
20190602 000000 0.001599 0.001661 0.001578 0.001605	
20190601 000000 0.00153 0.001683 0.001524 0.0016	
20190531 000000 0.001624 0.001627 0.001495 0.001532	
20190530 000000 0.001552 0.001716 0.001529 0.001625	
20190529 000000 0.001414 0.001599 0.001392 0.001551	
20190528 000000 0.001394 0.001434 0.00137 0.001414	
20190527 000000 0.001412 0.001422 0.001349 0.001393	
20190526 000000 0.001435 0.001442 0.001409 0.001413	
20190525 000000 0.001461 0.001471 0.001419 0.001434	
20190524 000000 0.001455 0.001471 0.001423 0.00146	
20190523 000000 0.001479 0.00149 0.001426 0.001456	
20190522 000000 0.001529 0.001582 0.001467 0.001481	
20190521 000000 0.001556 0.00159 0.001483 0.00153	
20190520 000000 0.001442 0.001565 0.001401 0.001556	
20190519 000000 0.001498 0.001503 0.001423 0.001441	
20190518 000000 0.001523 0.001546 0.001474 0.001498	
20190517 000000 0.001594 0.001597 0.001457 0.001522	
20190516 000000 0.001542 0.001667 0.001456 0.001599	
20190515 000000 0.001335 0.001565 0.001324 0.001538	
20190514 000000 0.001264 0.001379 0.00121 0.001336	
20190513 000000 0.001327 0.001381 0.001245 0.001266	
