20190611 000000 1.265e-05 1.314e-05 1.21e-05 1.267e-05	
20190610 000000 1.229e-05 1.32e-05 1.214e-05 1.265e-05	
20190609 000000 1.264e-05 1.32e-05 1.21e-05 1.229e-05	
20190608 000000 1.255e-05 1.332e-05 1.21e-05 1.263e-05	
20190607 000000 1.187e-05 1.312e-05 1.181e-05 1.255e-05	
20190606 000000 1.058e-05 1.204e-05 1.051e-05 1.186e-05	
20190605 000000 1.117e-05 1.135e-05 1.03e-05 1.057e-05	
20190604 000000 1.124e-05 1.18e-05 1.061e-05 1.117e-05	
20190603 000000 1.198e-05 1.23e-05 1.104e-05 1.124e-05	
20190602 000000 1.19e-05 1.224e-05 1.13e-05 1.198e-05	
20190601 000000 1.172e-05 1.28e-05 1.17e-05 1.189e-05	
20190531 000000 1.173e-05 1.276e-05 1.11e-05 1.172e-05	
20190530 000000 1.094e-05 1.493e-05 1.064e-05 1.169e-05	
20190529 000000 8.62e-06 1.161e-05 8.3e-06 1.093e-05	
20190528 000000 8.48e-06 8.99e-06 8.38e-06 8.62e-06	
20190527 000000 9.24e-06 9.4e-06 8.23e-06 8.44e-06	
20190526 000000 1.014e-05 1.022e-05 9.06e-06 9.26e-06	
20190525 000000 8.32e-06 1.089e-05 8.2e-06 1.015e-05	
20190524 000000 8.51e-06 9.45e-06 8.14e-06 8.32e-06	
20190523 000000 7.95e-06 8.87e-06 7.53e-06 8.48e-06	
20190522 000000 8.62e-06 9.35e-06 7.71e-06 8.02e-06	
20190521 000000 8.86e-06 8.91e-06 7.33e-06 8.59e-06	
20190520 000000 8.48e-06 9.03e-06 8.44e-06 8.86e-06	
20190519 000000 9.25e-06 9.32e-06 8.33e-06 8.47e-06	
20190518 000000 8.97e-06 9.33e-06 8.8e-06 9.25e-06	
20190517 000000 8.93e-06 9.46e-06 8.68e-06 8.97e-06	
20190516 000000 9.26e-06 9.96e-06 8.57e-06 8.92e-06	
20190515 000000 8.61e-06 9.96e-06 8.21e-06 9.28e-06	
20190514 000000 1.074e-05 1.078e-05 8.25e-06 8.61e-06	
20190513 000000 9.98e-06 1.18e-05 9.8e-06 1.074e-05	
