20190611 000000 1.062e-07 1.094e-07 1.055e-07 1.07e-07	
20190610 000000 1.087e-07 1.1e-07 1.052e-07 1.06e-07	
20190609 000000 1.107e-07 1.11e-07 1.083e-07 1.087e-07	
20190608 000000 1.13e-07 1.13e-07 1.094e-07 1.102e-07	
20190607 000000 1.11e-07 1.136e-07 1.097e-07 1.13e-07	
20190606 000000 1.09e-07 1.13e-07 1.08e-07 1.114e-07	
20190605 000000 1.15e-07 1.175e-07 1.08e-07 1.09e-07	
20190604 000000 1.14e-07 1.19e-07 1.09e-07 1.15e-07	
20190603 000000 1.18e-07 1.224e-07 1.116e-07 1.139e-07	
20190602 000000 1.15e-07 1.23e-07 1.107e-07 1.18e-07	
20190601 000000 1.208e-07 1.213e-07 1.12e-07 1.14e-07	
20190531 000000 1.168e-07 1.236e-07 1.082e-07 1.202e-07	
20190530 000000 1.258e-07 1.31e-07 1.165e-07 1.18e-07	
20190529 000000 1.16e-07 1.375e-07 1.135e-07 1.25e-07	
20190528 000000 1.028e-07 1.21e-07 9.94e-08 1.16e-07	
20190527 000000 1e-07 1.1e-07 9.26e-08 1.023e-07	
20190526 000000 1e-07 1.03e-07 9.6e-08 1e-07	
20190525 000000 1e-07 1.036e-07 9.8e-08 1e-07	
20190524 000000 9.89e-08 1.1e-07 9.69e-08 1e-07	
20190523 000000 9.6e-08 1.022e-07 9.16e-08 9.89e-08	
20190522 000000 1.039e-07 1.088e-07 9.56e-08 9.61e-08	
20190521 000000 9e-08 1.109e-07 8.92e-08 1.039e-07	
20190520 000000 9.29e-08 9.3e-08 8.89e-08 9e-08	
20190519 000000 1.01e-07 1.029e-07 9.04e-08 9.27e-08	
20190518 000000 8.67e-08 1.107e-07 8.67e-08 1.01e-07	
20190517 000000 9.3e-08 9.4e-08 8.32e-08 8.68e-08	
20190516 000000 8.8e-08 9.75e-08 8.5e-08 9.3e-08	
20190515 000000 7.9e-08 8.98e-08 7.74e-08 8.8e-08	
20190514 000000 8.1e-08 8.4e-08 7.59e-08 7.82e-08	
20190513 000000 8.5e-08 9.3e-08 8e-08 8.2e-08	
