20190611 000000 0.00012197 0.000133 0.0001124 0.00011558	
20190610 000000 0.00010408 0.00013049 0.00010084 0.00012198	
20190609 000000 9.973e-05 0.00010565 9.873e-05 0.0001042	
20190608 000000 9.857e-05 0.00010138 9.653e-05 9.954e-05	
20190607 000000 9.736e-05 9.911e-05 9.562e-05 9.859e-05	
20190606 000000 0.0001018 0.0001044 9.698e-05 9.736e-05	
20190605 000000 9.493e-05 0.00010616 9.285e-05 0.00010244	
20190604 000000 9.193e-05 9.575e-05 9.035e-05 9.513e-05	
20190603 000000 9.137e-05 9.466e-05 8.896e-05 9.196e-05	
20190602 000000 9.167e-05 9.399e-05 8.923e-05 9.137e-05	
20190601 000000 9.155e-05 9.549e-05 8.995e-05 9.167e-05	
20190531 000000 9.028e-05 9.666e-05 8.831e-05 9.157e-05	
20190530 000000 9.077e-05 9.459e-05 9.028e-05 9.029e-05	
20190529 000000 9.095e-05 9.159e-05 8.751e-05 9.102e-05	
20190528 000000 8.806e-05 9.392e-05 8.74e-05 9.103e-05	
20190527 000000 9.437e-05 9.517e-05 8.656e-05 8.829e-05	
20190526 000000 9.638e-05 0.00010226 9.394e-05 9.427e-05	
20190525 000000 9.715e-05 0.0001036 9.322e-05 9.634e-05	
20190524 000000 9.333e-05 0.0001065 9.316e-05 9.702e-05	
20190523 000000 9.387e-05 9.609e-05 9.064e-05 9.333e-05	
20190522 000000 9.28e-05 9.742e-05 9.048e-05 9.387e-05	
20190521 000000 8.899e-05 9.584e-05 8.579e-05 9.263e-05	
20190520 000000 8.928e-05 9.652e-05 8.545e-05 8.866e-05	
20190519 000000 9.505e-05 9.651e-05 8.806e-05 8.928e-05	
20190518 000000 9.405e-05 0.00010058 9.279e-05 9.499e-05	
20190517 000000 9.492e-05 0.0001028 8.795e-05 9.405e-05	
20190516 000000 9.741e-05 0.00010267 8.838e-05 9.455e-05	
20190515 000000 8.6e-05 0.00010249 8.267e-05 9.748e-05	
20190514 000000 8.533e-05 8.953e-05 8.197e-05 8.599e-05	
20190513 000000 9.258e-05 9.73e-05 8.522e-05 8.546e-05	
