20190611 000000 3.31e-07 3.453e-07 3.25e-07 3.29e-07	
20190610 000000 3.32e-07 3.43e-07 3.217e-07 3.31e-07	
20190609 000000 3.242e-07 3.372e-07 3.23e-07 3.31e-07	
20190608 000000 3.27e-07 3.335e-07 3.213e-07 3.24e-07	
20190607 000000 3.275e-07 3.53e-07 3.23e-07 3.27e-07	
20190606 000000 3.27e-07 3.32e-07 3.19e-07 3.275e-07	
20190605 000000 3.19e-07 3.3e-07 3.16e-07 3.27e-07	
20190604 000000 3.15e-07 3.213e-07 3.071e-07 3.19e-07	
20190603 000000 3.278e-07 3.294e-07 3.094e-07 3.149e-07	
20190602 000000 3.17e-07 3.4e-07 3.11e-07 3.278e-07	
20190601 000000 3.11e-07 3.213e-07 3.057e-07 3.16e-07	
20190531 000000 3.108e-07 3.182e-07 3.01e-07 3.12e-07	
20190530 000000 2.993e-07 3.206e-07 2.957e-07 3.12e-07	
20190529 000000 3.03e-07 3.04e-07 2.909e-07 2.98e-07	
20190528 000000 3.05e-07 3.094e-07 2.987e-07 3.03e-07	
20190527 000000 3.22e-07 3.235e-07 2.996e-07 3.05e-07	
20190526 000000 3.14e-07 3.289e-07 3.102e-07 3.22e-07	
20190525 000000 3.19e-07 3.26e-07 3.078e-07 3.15e-07	
20190524 000000 3.28e-07 3.299e-07 3.118e-07 3.2e-07	
20190523 000000 3.28e-07 3.344e-07 3.2e-07 3.28e-07	
20190522 000000 3.28e-07 3.407e-07 3.169e-07 3.29e-07	
20190521 000000 3.11e-07 3.489e-07 3.077e-07 3.28e-07	
20190520 000000 3.24e-07 3.27e-07 3.08e-07 3.13e-07	
20190519 000000 3.3e-07 3.41e-07 3.152e-07 3.254e-07	
20190518 000000 3.32e-07 3.446e-07 3.275e-07 3.31e-07	
20190517 000000 3.49e-07 3.556e-07 3.138e-07 3.314e-07	
20190516 000000 3.37e-07 3.777e-07 3.24e-07 3.493e-07	
20190515 000000 2.98e-07 3.37e-07 2.94e-07 3.37e-07	
20190514 000000 2.926e-07 3.051e-07 2.807e-07 2.969e-07	
20190513 000000 3.16e-07 3.3e-07 2.89e-07 2.92e-07	
