20190611 000000 0.00025 0.000255 0.000245 0.000248	
20190610 000000 0.000252 0.000262 0.000241 0.000251	
20190609 000000 0.000253 0.000255 0.00025 0.000252	
20190608 000000 0.000252 0.000257 0.000249 0.000253	
20190607 000000 0.000253 0.000262 0.00025 0.000252	
20190606 000000 0.000253 0.000255 0.000249 0.000253	
20190605 000000 0.000259 0.000262 0.000249 0.000253	
20190604 000000 0.000261 0.000263 0.000252 0.000259	
20190603 000000 0.000269 0.000271 0.000258 0.000262	
20190602 000000 0.000264 0.000271 0.000258 0.00027	
20190601 000000 0.000258 0.000274 0.000255 0.000264	
20190531 000000 0.000272 0.000273 0.000255 0.000258	
20190530 000000 0.000268 0.000284 0.000261 0.000273	
20190529 000000 0.000255 0.000269 0.00025 0.000268	
20190528 000000 0.000246 0.000264 0.000243 0.000255	
20190527 000000 0.000245 0.000247 0.000236 0.000246	
20190526 000000 0.000248 0.00025 0.000241 0.000245	
20190525 000000 0.000248 0.00025 0.000244 0.000248	
20190524 000000 0.000243 0.000254 0.000242 0.000249	
20190523 000000 0.000256 0.000264 0.00024 0.000244	
20190522 000000 0.000266 0.00027 0.000255 0.000257	
20190521 000000 0.000249 0.000272 0.000249 0.000266	
20190520 000000 0.000252 0.000258 0.000245 0.000249	
20190519 000000 0.000262 0.000264 0.000251 0.000253	
20190518 000000 0.000265 0.000272 0.000258 0.000262	
20190517 000000 0.000278 0.000286 0.000256 0.000266	
20190516 000000 0.000264 0.000294 0.000255 0.000278	
20190515 000000 0.000228 0.000264 0.000225 0.000263	
20190514 000000 0.000224 0.000236 0.000218 0.000228	
20190513 000000 0.000236 0.000243 0.000223 0.000224	
