20190611 000000 0.00018087 0.00018466 0.00017373 0.00017995	
20190610 000000 0.00016816 0.00019541 0.00016637 0.00018074	
20190609 000000 0.00016428 0.00017154 0.00016351 0.00016813	
20190608 000000 0.00016708 0.00017033 0.00016405 0.00016446	
20190607 000000 0.00016546 0.00016928 0.00016415 0.000167	
20190606 000000 0.00016334 0.00017029 0.00016317 0.00016544	
20190605 000000 0.00016622 0.00016821 0.00016085 0.00016336	
20190604 000000 0.00016733 0.00016858 0.00016083 0.00016606	
20190603 000000 0.000173 0.00017368 0.00016625 0.00016725	
20190602 000000 0.00017221 0.00017967 0.00017094 0.00017311	
20190601 000000 0.0001723 0.00018217 0.00016888 0.00017226	
20190531 000000 0.00018438 0.00018466 0.00017116 0.0001722	
20190530 000000 0.00017957 0.00019654 0.00017497 0.00018471	
20190529 000000 0.00016831 0.00018331 0.00016288 0.00017983	
20190528 000000 0.00016835 0.00017502 0.00016522 0.00016845	
20190527 000000 0.00016683 0.00017029 0.00015888 0.00016835	
20190526 000000 0.00016726 0.0001704 0.00016553 0.00016683	
20190525 000000 0.0001688 0.00017235 0.00016576 0.00016724	
20190524 000000 0.00016649 0.00017363 0.00016474 0.00016879	
20190523 000000 0.00017155 0.00017536 0.00016442 0.00016646	
20190522 000000 0.00017503 0.00017767 0.00016935 0.00017156	
20190521 000000 0.00017251 0.00017816 0.00017042 0.0001752	
20190520 000000 0.00017618 0.00017795 0.00016888 0.00017241	
20190519 000000 0.00018309 0.00018416 0.0001748 0.00017618	
20190518 000000 0.00018554 0.00020409 0.00017918 0.00018293	
20190517 000000 0.00019332 0.00019332 0.00017357 0.00018555	
20190516 000000 0.00018933 0.0002016 0.00017675 0.00019332	
20190515 000000 0.00017301 0.00019062 0.00017 0.00018928	
20190514 000000 0.00015857 0.00017635 0.00015801 0.00017289	
20190513 000000 0.00016672 0.00017479 0.00015804 0.00015853	
