20190611 000000 3.48e-06 3.64e-06 3.45e-06 3.56e-06	
20190610 000000 3.55e-06 3.56e-06 3.42e-06 3.46e-06	
20190609 000000 3.64e-06 3.69e-06 3.45e-06 3.55e-06	
20190608 000000 3.42e-06 3.89e-06 3.34e-06 3.65e-06	
20190607 000000 3.34e-06 3.48e-06 3.3e-06 3.42e-06	
20190606 000000 3.45e-06 3.64e-06 3.28e-06 3.32e-06	
20190605 000000 3.29e-06 3.53e-06 3.12e-06 3.47e-06	
20190604 000000 3.27e-06 3.35e-06 3.15e-06 3.31e-06	
20190603 000000 3.14e-06 3.44e-06 3.1e-06 3.27e-06	
20190602 000000 3.08e-06 3.33e-06 3.04e-06 3.12e-06	
20190601 000000 3.23e-06 3.3e-06 3.05e-06 3.08e-06	
20190531 000000 3.27e-06 3.32e-06 3.07e-06 3.22e-06	
20190530 000000 3.51e-06 3.54e-06 3.27e-06 3.27e-06	
20190529 000000 3.27e-06 4.5e-06 3.19e-06 3.48e-06	
20190528 000000 3.15e-06 3.36e-06 3.07e-06 3.24e-06	
20190527 000000 3.76e-06 3.85e-06 3.04e-06 3.13e-06	
20190526 000000 3.22e-06 3.83e-06 3.18e-06 3.76e-06	
20190525 000000 3.2e-06 3.32e-06 3.05e-06 3.19e-06	
20190524 000000 3.42e-06 3.63e-06 3.15e-06 3.2e-06	
20190523 000000 3.13e-06 3.7e-06 3.03e-06 3.44e-06	
20190522 000000 2.93e-06 3.37e-06 2.88e-06 3.13e-06	
20190521 000000 2.78e-06 3.12e-06 2.7e-06 2.94e-06	
20190520 000000 2.72e-06 2.82e-06 2.59e-06 2.78e-06	
20190519 000000 3.03e-06 3.07e-06 2.7e-06 2.72e-06	
20190518 000000 2.76e-06 5.2e-06 2.76e-06 3.03e-06	
20190517 000000 2.98e-06 3e-06 2.67e-06 2.76e-06	
20190516 000000 2.88e-06 3.1e-06 2.72e-06 2.97e-06	
20190515 000000 2.6e-06 3.48e-06 2.57e-06 2.87e-06	
20190514 000000 2.73e-06 3.11e-06 2.46e-06 2.62e-06	
20190513 000000 2.99e-06 3.12e-06 2.71e-06 2.74e-06	
