20190611 000000 6.6e-06 6.61e-06 6.2e-06 6.4e-06	
20190610 000000 6.31e-06 7.06e-06 6.3e-06 6.61e-06	
20190609 000000 5.69e-06 6.52e-06 5.66e-06 6.3e-06	
20190608 000000 5.85e-06 5.91e-06 5.64e-06 5.69e-06	
20190607 000000 5.71e-06 5.93e-06 5.66e-06 5.84e-06	
20190606 000000 5.61e-06 6.03e-06 5.59e-06 5.71e-06	
20190605 000000 5.92e-06 6.01e-06 5.56e-06 5.63e-06	
20190604 000000 5.92e-06 6.02e-06 5.6e-06 5.91e-06	
20190603 000000 6e-06 6.04e-06 5.83e-06 5.91e-06	
20190602 000000 6.17e-06 6.18e-06 5.91e-06 6e-06	
20190601 000000 6.42e-06 6.58e-06 6.11e-06 6.17e-06	
20190531 000000 6.2e-06 6.6e-06 5.92e-06 6.41e-06	
20190530 000000 5.97e-06 6.63e-06 5.79e-06 6.2e-06	
20190529 000000 6.03e-06 6.2e-06 5.6e-06 5.97e-06	
20190528 000000 6.03e-06 6.43e-06 5.75e-06 6.01e-06	
20190527 000000 5.92e-06 6.14e-06 5.61e-06 6.03e-06	
20190526 000000 6.1e-06 6.24e-06 5.86e-06 5.92e-06	
20190525 000000 6.19e-06 6.34e-06 6e-06 6.1e-06	
20190524 000000 6.28e-06 6.43e-06 6.08e-06 6.16e-06	
20190523 000000 6.62e-06 6.66e-06 6.1e-06 6.29e-06	
20190522 000000 6.64e-06 6.96e-06 6.37e-06 6.61e-06	
20190521 000000 6.58e-06 6.95e-06 6.38e-06 6.66e-06	
20190520 000000 6.77e-06 6.81e-06 6.26e-06 6.57e-06	
20190519 000000 6.85e-06 7.19e-06 6.54e-06 6.77e-06	
20190518 000000 6.83e-06 7.09e-06 6.54e-06 6.85e-06	
20190517 000000 7.14e-06 7.14e-06 6.35e-06 6.83e-06	
20190516 000000 7.3e-06 7.95e-06 6.55e-06 7.14e-06	
20190515 000000 6.05e-06 8.22e-06 5.81e-06 7.31e-06	
20190514 000000 5.72e-06 6.51e-06 5.65e-06 6.04e-06	
20190513 000000 5.95e-06 6.48e-06 5.63e-06 5.72e-06	
