20190611 000000 3.516e-05 3.833e-05 3.331e-05 3.374e-05	
20190610 000000 3.478e-05 3.579e-05 3.241e-05 3.521e-05	
20190609 000000 3.188e-05 3.939e-05 3.178e-05 3.471e-05	
20190608 000000 3.206e-05 3.384e-05 3.113e-05 3.186e-05	
20190607 000000 3e-05 3.411e-05 2.997e-05 3.201e-05	
20190606 000000 2.98e-05 3.043e-05 2.937e-05 2.998e-05	
20190605 000000 3.005e-05 3.035e-05 2.902e-05 2.979e-05	
20190604 000000 2.879e-05 3.021e-05 2.846e-05 3.005e-05	
20190603 000000 3.038e-05 3.111e-05 2.833e-05 2.894e-05	
20190602 000000 2.914e-05 3.402e-05 2.895e-05 3.013e-05	
20190601 000000 2.894e-05 2.96e-05 2.831e-05 2.916e-05	
20190531 000000 2.865e-05 2.937e-05 2.796e-05 2.897e-05	
20190530 000000 2.899e-05 3e-05 2.835e-05 2.863e-05	
20190529 000000 2.941e-05 2.955e-05 2.793e-05 2.902e-05	
20190528 000000 2.943e-05 2.985e-05 2.863e-05 2.941e-05	
20190527 000000 3.178e-05 3.216e-05 2.831e-05 2.947e-05	
20190526 000000 3.089e-05 3.231e-05 3.044e-05 3.197e-05	
20190525 000000 3.153e-05 3.199e-05 3.05e-05 3.087e-05	
20190524 000000 3.143e-05 3.247e-05 3.086e-05 3.153e-05	
20190523 000000 3.109e-05 3.421e-05 3.083e-05 3.144e-05	
20190522 000000 3.291e-05 3.8e-05 3.074e-05 3.116e-05	
20190521 000000 2.963e-05 3.295e-05 2.92e-05 3.291e-05	
20190520 000000 3.104e-05 3.125e-05 2.892e-05 2.964e-05	
20190519 000000 3.213e-05 3.236e-05 3.01e-05 3.111e-05	
20190518 000000 3.281e-05 3.318e-05 3.166e-05 3.182e-05	
20190517 000000 3.431e-05 3.614e-05 3.074e-05 3.281e-05	
20190516 000000 3.197e-05 3.68e-05 3.06e-05 3.414e-05	
20190515 000000 2.879e-05 3.277e-05 2.85e-05 3.195e-05	
20190514 000000 3.006e-05 3.07e-05 2.749e-05 2.89e-05	
20190513 000000 3.263e-05 3.6e-05 3e-05 3.007e-05	
