20190611 000000 5.01e-08 5.01e-08 4.57e-08 4.8e-08	
20190610 000000 4.91e-08 5.68e-08 4.38e-08 5e-08	
20190609 000000 5.58e-08 5.63e-08 4.81e-08 4.91e-08	
20190608 000000 5.9e-08 6.1e-08 4.96e-08 5.58e-08	
20190607 000000 5.15e-08 8.99e-08 5.15e-08 5.86e-08	
20190606 000000 4.3e-08 5.6e-08 4.3e-08 5.15e-08	
20190605 000000 4.33e-08 4.42e-08 4.22e-08 4.3e-08	
20190604 000000 4.21e-08 4.6e-08 4.2e-08 4.38e-08	
20190603 000000 4.3e-08 4.56e-08 4.17e-08 4.21e-08	
20190602 000000 4.3e-08 4.39e-08 4.15e-08 4.29e-08	
20190601 000000 4.28e-08 4.43e-08 4.23e-08 4.3e-08	
20190531 000000 4.3e-08 4.58e-08 4.03e-08 4.28e-08	
20190530 000000 4.39e-08 4.66e-08 4.27e-08 4.3e-08	
20190529 000000 4.4e-08 4.44e-08 4.17e-08 4.31e-08	
20190528 000000 4.3e-08 4.45e-08 4.15e-08 4.4e-08	
20190527 000000 4.59e-08 4.6e-08 4.1e-08 4.31e-08	
20190526 000000 4.3e-08 4.59e-08 4.18e-08 4.59e-08	
20190525 000000 4.17e-08 4.66e-08 4.15e-08 4.3e-08	
20190524 000000 4.21e-08 4.5e-08 4.03e-08 4.17e-08	
20190523 000000 4.3e-08 4.43e-08 3.91e-08 4.22e-08	
20190522 000000 4.49e-08 4.67e-08 4.18e-08 4.3e-08	
20190521 000000 4.48e-08 4.7e-08 4.22e-08 4.49e-08	
20190520 000000 4.7e-08 4.86e-08 4.19e-08 4.43e-08	
20190519 000000 5.1e-08 5.1e-08 4.5e-08 4.7e-08	
20190518 000000 5.3e-08 5.35e-08 4.8e-08 5.1e-08	
20190517 000000 4.8e-08 5.49e-08 4.3e-08 5.3e-08	
20190516 000000 4.59e-08 4.86e-08 4.33e-08 4.8e-08	
20190515 000000 4.2e-08 4.61e-08 4e-08 4.59e-08	
20190514 000000 4.65e-08 5.49e-08 4e-08 4.2e-08	
20190513 000000 4.8e-08 5.17e-08 4.55e-08 4.64e-08	
