20190611 000000 2.56e-06 2.74e-06 2.48e-06 2.56e-06	
20190610 000000 2.55e-06 2.64e-06 2.33e-06 2.56e-06	
20190609 000000 2.51e-06 2.67e-06 2.46e-06 2.55e-06	
20190608 000000 2.57e-06 2.74e-06 2.3e-06 2.52e-06	
20190607 000000 2.58e-06 2.64e-06 2.31e-06 2.59e-06	
20190606 000000 2.39e-06 2.81e-06 2.39e-06 2.58e-06	
20190605 000000 2.16e-06 2.61e-06 2e-06 2.39e-06	
20190604 000000 2.23e-06 2.23e-06 2.07e-06 2.16e-06	
20190603 000000 2.38e-06 2.39e-06 2.16e-06 2.24e-06	
20190602 000000 2.21e-06 2.48e-06 2.15e-06 2.39e-06	
20190601 000000 2.48e-06 2.48e-06 2e-06 2.2e-06	
20190531 000000 2.48e-06 2.65e-06 2.3e-06 2.48e-06	
20190530 000000 2.67e-06 2.9e-06 2.41e-06 2.49e-06	
20190529 000000 2.78e-06 3.24e-06 2.55e-06 2.67e-06	
20190528 000000 2.98e-06 3.04e-06 2.47e-06 2.79e-06	
20190527 000000 3.24e-06 3.7e-06 2.83e-06 2.99e-06	
20190526 000000 2.97e-06 4.9e-06 2.85e-06 3.22e-06	
20190525 000000 2.35e-06 3.3e-06 2.21e-06 2.96e-06	
20190524 000000 2.71e-06 3.39e-06 2.34e-06 2.35e-06	
20190523 000000 1.96e-06 3.14e-06 1.9e-06 2.72e-06	
20190522 000000 1.82e-06 2.15e-06 1.7e-06 1.97e-06	
20190521 000000 1.95e-06 2.16e-06 1.75e-06 1.8e-06	
20190520 000000 1.61e-06 2.6e-06 1.53e-06 1.94e-06	
20190519 000000 1.69e-06 1.73e-06 1.57e-06 1.59e-06	
20190518 000000 1.66e-06 1.72e-06 1.63e-06 1.69e-06	
20190517 000000 1.66e-06 1.73e-06 1.54e-06 1.65e-06	
20190516 000000 1.72e-06 1.78e-06 1.58e-06 1.66e-06	
20190515 000000 1.46e-06 2.8e-06 1.44e-06 1.73e-06	
20190514 000000 1.6e-06 1.6e-06 1.41e-06 1.46e-06	
20190513 000000 1.66e-06 1.84e-06 1.58e-06 1.6e-06	
