20190611 000000 3.07e-08 3.27e-08 3.02e-08 3.16e-08	
20190610 000000 3.2e-08 3.22e-08 3e-08 3.07e-08	
20190609 000000 3.46e-08 3.64e-08 3.12e-08 3.2e-08	
20190608 000000 3.29e-08 3.66e-08 3.15e-08 3.46e-08	
20190607 000000 3.18e-08 3.55e-08 3.1e-08 3.29e-08	
20190606 000000 2.82e-08 3.18e-08 2.81e-08 3.16e-08	
20190605 000000 2.9e-08 3e-08 2.7e-08 2.82e-08	
20190604 000000 3e-08 3.2e-08 2.72e-08 2.9e-08	
20190603 000000 3.1e-08 3.3e-08 2.91e-08 3e-08	
20190602 000000 3.17e-08 3.19e-08 2.9e-08 3.1e-08	
20190601 000000 3.16e-08 3.4e-08 3.1e-08 3.17e-08	
20190531 000000 3.23e-08 3.38e-08 3.04e-08 3.16e-08	
20190530 000000 3.21e-08 3.48e-08 3.1e-08 3.29e-08	
20190529 000000 3.3e-08 3.38e-08 3.13e-08 3.21e-08	
20190528 000000 3.2e-08 3.51e-08 3.02e-08 3.3e-08	
20190527 000000 3.48e-08 3.59e-08 3.14e-08 3.2e-08	
20190526 000000 3.4e-08 3.57e-08 3.35e-08 3.48e-08	
20190525 000000 3.5e-08 3.81e-08 3.26e-08 3.4e-08	
20190524 000000 3.34e-08 3.63e-08 3.22e-08 3.4e-08	
20190523 000000 3.5e-08 3.8e-08 3.16e-08 3.34e-08	
20190522 000000 3.72e-08 3.99e-08 3.23e-08 3.5e-08	
20190521 000000 3.5e-08 4.28e-08 3.14e-08 3.72e-08	
20190520 000000 3.87e-08 4.14e-08 3.11e-08 3.5e-08	
20190519 000000 3.97e-08 4.3e-08 3.8e-08 3.87e-08	
20190518 000000 3.9e-08 4.3e-08 3.61e-08 3.9e-08	
20190517 000000 3.3e-08 4.5e-08 3.19e-08 3.9e-08	
20190516 000000 3.2e-08 3.81e-08 2.78e-08 3.3e-08	
20190515 000000 3e-08 3.5e-08 2.88e-08 3.2e-08	
20190514 000000 3.45e-08 3.5e-08 2.83e-08 3e-08	
20190513 000000 3.38e-08 4.27e-08 3.33e-08 3.5e-08	
