20190611 000000 1.208e-05 1.402e-05 1.2e-05 1.308e-05	
20190610 000000 1.193e-05 1.243e-05 1.161e-05 1.208e-05	
20190609 000000 1.229e-05 1.26e-05 1.181e-05 1.193e-05	
20190608 000000 1.203e-05 1.28e-05 1.185e-05 1.231e-05	
20190607 000000 1.141e-05 1.23e-05 1.137e-05 1.201e-05	
20190606 000000 1.114e-05 1.174e-05 1.111e-05 1.138e-05	
20190605 000000 1.14e-05 1.177e-05 1.109e-05 1.115e-05	
20190604 000000 1.149e-05 1.169e-05 1.098e-05 1.14e-05	
20190603 000000 1.159e-05 1.178e-05 1.134e-05 1.148e-05	
20190602 000000 1.173e-05 1.191e-05 1.145e-05 1.158e-05	
20190601 000000 1.182e-05 1.21e-05 1.151e-05 1.175e-05	
20190531 000000 1.235e-05 1.308e-05 1.153e-05 1.181e-05	
20190530 000000 1.233e-05 1.324e-05 1.207e-05 1.234e-05	
20190529 000000 1.204e-05 1.25e-05 1.183e-05 1.233e-05	
20190528 000000 1.171e-05 1.246e-05 1.149e-05 1.199e-05	
20190527 000000 1.266e-05 1.288e-05 1.142e-05 1.171e-05	
20190526 000000 1.268e-05 1.4e-05 1.245e-05 1.269e-05	
20190525 000000 1.225e-05 1.3e-05 1.208e-05 1.269e-05	
20190524 000000 1.235e-05 1.304e-05 1.212e-05 1.226e-05	
20190523 000000 1.287e-05 1.331e-05 1.21e-05 1.233e-05	
20190522 000000 1.222e-05 1.346e-05 1.2e-05 1.289e-05	
20190521 000000 1.146e-05 1.247e-05 1.14e-05 1.22e-05	
20190520 000000 1.152e-05 1.202e-05 1.127e-05 1.15e-05	
20190519 000000 1.231e-05 1.274e-05 1.152e-05 1.158e-05	
20190518 000000 1.208e-05 1.319e-05 1.193e-05 1.232e-05	
20190517 000000 1.237e-05 1.267e-05 1.147e-05 1.208e-05	
20190516 000000 1.21e-05 1.352e-05 1.166e-05 1.238e-05	
20190515 000000 1.181e-05 1.279e-05 1.132e-05 1.209e-05	
20190514 000000 1.177e-05 1.199e-05 1.065e-05 1.181e-05	
20190513 000000 1.199e-05 1.581e-05 1.139e-05 1.177e-05	
