20190611 000000 7.035e-07 9.45e-07 6.79e-07 8.188e-07	
20190610 000000 7.777e-07 7.802e-07 6.6e-07 7.036e-07	
20190609 000000 9.644e-07 9.654e-07 7.5e-07 7.8e-07	
20190608 000000 1.0625e-06 1.174e-06 8.9e-07 9.645e-07	
20190607 000000 1.0861e-06 1.4217e-06 7.7e-07 1.065e-06	
20190606 000000 5.216e-07 1.1497e-06 5.158e-07 1.1014e-06	
20190605 000000 5.241e-07 5.256e-07 4.906e-07 5.216e-07	
20190604 000000 5.227e-07 5.49e-07 5e-07 5.229e-07	
20190603 000000 5.367e-07 5.429e-07 5.066e-07 5.216e-07	
20190602 000000 5.61e-07 5.61e-07 5.261e-07 5.367e-07	
20190601 000000 5.47e-07 5.93e-07 5.253e-07 5.615e-07	
20190531 000000 5.729e-07 5.741e-07 5.05e-07 5.472e-07	
20190530 000000 5.732e-07 6e-07 5.637e-07 5.729e-07	
20190529 000000 5.693e-07 6.066e-07 5.452e-07 5.739e-07	
20190528 000000 5.608e-07 5.95e-07 5.222e-07 5.706e-07	
20190527 000000 6.228e-07 6.266e-07 5.552e-07 5.61e-07	
20190526 000000 6.165e-07 6.266e-07 5.678e-07 6.227e-07	
20190525 000000 5.683e-07 6.565e-07 5.65e-07 6.166e-07	
20190524 000000 5.926e-07 6.056e-07 5.611e-07 5.719e-07	
20190523 000000 6.146e-07 6.467e-07 5.655e-07 5.931e-07	
20190522 000000 6.151e-07 6.523e-07 5.567e-07 6.146e-07	
20190521 000000 5.82e-07 6.388e-07 5.403e-07 6.152e-07	
20190520 000000 6.205e-07 6.65e-07 5.489e-07 5.818e-07	
20190519 000000 7.22e-07 7.22e-07 6.089e-07 6.211e-07	
20190518 000000 8.463e-07 9.793e-07 6.605e-07 7.204e-07	
20190517 000000 7.066e-07 8.818e-07 6.8e-07 8.46e-07	
20190516 000000 5.981e-07 7.583e-07 5.755e-07 7.067e-07	
20190515 000000 5.153e-07 6.479e-07 4.726e-07 5.981e-07	
20190514 000000 6.052e-07 6.057e-07 4.7e-07 5.153e-07	
20190513 000000 6.74e-07 7.398e-07 5.601e-07 6.052e-07	
