20190611 000000 1.506e-05 1.542e-05 1.495e-05 1.519e-05	
20190610 000000 1.571e-05 1.573e-05 1.488e-05 1.511e-05	
20190609 000000 1.535e-05 1.762e-05 1.507e-05 1.572e-05	
20190608 000000 1.492e-05 1.656e-05 1.484e-05 1.538e-05	
20190607 000000 1.434e-05 1.572e-05 1.42e-05 1.492e-05	
20190606 000000 1.387e-05 1.463e-05 1.385e-05 1.434e-05	
20190605 000000 1.419e-05 1.452e-05 1.377e-05 1.385e-05	
20190604 000000 1.421e-05 1.438e-05 1.383e-05 1.418e-05	
20190603 000000 1.444e-05 1.462e-05 1.408e-05 1.419e-05	
20190602 000000 1.427e-05 1.45e-05 1.415e-05 1.442e-05	
20190601 000000 1.432e-05 1.446e-05 1.403e-05 1.416e-05	
20190531 000000 1.472e-05 1.479e-05 1.4e-05 1.432e-05	
20190530 000000 1.479e-05 1.568e-05 1.464e-05 1.472e-05	
20190529 000000 1.477e-05 1.506e-05 1.441e-05 1.479e-05	
20190528 000000 1.435e-05 1.484e-05 1.419e-05 1.474e-05	
20190527 000000 1.556e-05 1.56e-05 1.411e-05 1.434e-05	
20190526 000000 1.586e-05 1.627e-05 1.531e-05 1.556e-05	
20190525 000000 1.553e-05 1.637e-05 1.533e-05 1.586e-05	
20190524 000000 1.554e-05 1.769e-05 1.505e-05 1.55e-05	
20190523 000000 1.529e-05 1.625e-05 1.498e-05 1.554e-05	
20190522 000000 1.503e-05 1.6e-05 1.501e-05 1.53e-05	
20190521 000000 1.47e-05 1.59e-05 1.438e-05 1.504e-05	
20190520 000000 1.481e-05 1.496e-05 1.454e-05 1.469e-05	
20190519 000000 1.575e-05 1.598e-05 1.47e-05 1.482e-05	
20190518 000000 1.547e-05 1.636e-05 1.533e-05 1.574e-05	
20190517 000000 1.568e-05 1.723e-05 1.502e-05 1.547e-05	
20190516 000000 1.476e-05 1.747e-05 1.426e-05 1.567e-05	
20190515 000000 1.366e-05 1.658e-05 1.359e-05 1.476e-05	
20190514 000000 1.381e-05 1.659e-05 1.277e-05 1.363e-05	
20190513 000000 1.51e-05 1.519e-05 1.375e-05 1.382e-05	
