20190611 000000 3.023e-05 3.047e-05 2.725e-05 2.836e-05	
20190610 000000 2.989e-05 3.093e-05 2.7e-05 3.023e-05	
20190609 000000 2.773e-05 3.117e-05 2.688e-05 2.984e-05	
20190608 000000 2.77e-05 3.031e-05 2.673e-05 2.773e-05	
20190607 000000 2.631e-05 2.966e-05 2.607e-05 2.77e-05	
20190606 000000 2.49e-05 2.68e-05 2.487e-05 2.628e-05	
20190605 000000 2.478e-05 2.52e-05 2.4e-05 2.489e-05	
20190604 000000 2.654e-05 2.655e-05 2.398e-05 2.482e-05	
20190603 000000 2.859e-05 2.859e-05 2.552e-05 2.654e-05	
20190602 000000 2.541e-05 3.12e-05 2.512e-05 2.862e-05	
20190601 000000 2.515e-05 2.585e-05 2.452e-05 2.541e-05	
20190531 000000 2.505e-05 2.612e-05 2.363e-05 2.515e-05	
20190530 000000 2.461e-05 2.543e-05 2.42e-05 2.504e-05	
20190529 000000 2.383e-05 2.483e-05 2.331e-05 2.461e-05	
20190528 000000 2.361e-05 2.386e-05 2.165e-05 2.382e-05	
20190527 000000 2.552e-05 2.594e-05 2.356e-05 2.361e-05	
20190526 000000 2.553e-05 2.557e-05 2.419e-05 2.548e-05	
20190525 000000 2.482e-05 2.572e-05 2.419e-05 2.553e-05	
20190524 000000 2.437e-05 2.558e-05 2.36e-05 2.482e-05	
20190523 000000 2.528e-05 2.529e-05 2.35e-05 2.436e-05	
20190522 000000 2.622e-05 2.639e-05 2.432e-05 2.528e-05	
20190521 000000 3.148e-05 3.211e-05 2.495e-05 2.621e-05	
20190520 000000 2.44e-05 3.5e-05 2.426e-05 3.148e-05	
20190519 000000 2.429e-05 2.46e-05 2.345e-05 2.44e-05	
20190518 000000 2.464e-05 2.566e-05 2.398e-05 2.43e-05	
20190517 000000 2.447e-05 2.569e-05 2.388e-05 2.463e-05	
20190516 000000 2.43e-05 2.658e-05 2.4e-05 2.446e-05	
20190515 000000 2.239e-05 2.584e-05 2.231e-05 2.43e-05	
20190514 000000 2.322e-05 2.99e-05 2.019e-05 2.24e-05	
20190513 000000 2.478e-05 2.681e-05 2.157e-05 2.306e-05	
