20190611 000000 1.517e-05 2.078e-05 1.491e-05 1.977e-05	
20190610 000000 1.547e-05 1.551e-05 1.44e-05 1.514e-05	
20190609 000000 1.505e-05 1.572e-05 1.463e-05 1.548e-05	
20190608 000000 1.513e-05 1.558e-05 1.452e-05 1.499e-05	
20190607 000000 1.579e-05 1.647e-05 1.49e-05 1.513e-05	
20190606 000000 1.541e-05 1.624e-05 1.512e-05 1.582e-05	
20190605 000000 1.562e-05 1.587e-05 1.499e-05 1.541e-05	
20190604 000000 1.466e-05 1.59e-05 1.45e-05 1.559e-05	
20190603 000000 1.505e-05 1.51e-05 1.402e-05 1.466e-05	
20190602 000000 1.471e-05 1.547e-05 1.455e-05 1.505e-05	
20190601 000000 1.483e-05 1.535e-05 1.436e-05 1.472e-05	
20190531 000000 1.41e-05 1.52e-05 1.379e-05 1.483e-05	
20190530 000000 1.446e-05 1.475e-05 1.405e-05 1.407e-05	
20190529 000000 1.463e-05 1.504e-05 1.427e-05 1.447e-05	
20190528 000000 1.437e-05 1.481e-05 1.42e-05 1.461e-05	
20190527 000000 1.617e-05 1.648e-05 1.415e-05 1.437e-05	
20190526 000000 1.55e-05 1.63e-05 1.526e-05 1.615e-05	
20190525 000000 1.51e-05 1.578e-05 1.5e-05 1.553e-05	
20190524 000000 1.535e-05 1.571e-05 1.5e-05 1.508e-05	
20190523 000000 1.542e-05 1.587e-05 1.514e-05 1.526e-05	
20190522 000000 1.564e-05 1.6e-05 1.525e-05 1.54e-05	
20190521 000000 1.533e-05 1.607e-05 1.52e-05 1.564e-05	
20190520 000000 1.555e-05 1.561e-05 1.502e-05 1.535e-05	
20190519 000000 1.668e-05 1.68e-05 1.54e-05 1.555e-05	
20190518 000000 1.736e-05 1.738e-05 1.637e-05 1.671e-05	
20190517 000000 1.662e-05 1.83e-05 1.605e-05 1.735e-05	
20190516 000000 1.581e-05 1.7e-05 1.566e-05 1.666e-05	
20190515 000000 1.49e-05 1.706e-05 1.462e-05 1.572e-05	
20190514 000000 1.56e-05 1.589e-05 1.401e-05 1.471e-05	
20190513 000000 1.781e-05 1.831e-05 1.543e-05 1.561e-05	
