20190611 000000 3.34e-06 3.44e-06 3.27e-06 3.37e-06	
20190610 000000 3.36e-06 3.44e-06 3.15e-06 3.34e-06	
20190609 000000 3.22e-06 3.4e-06 3.16e-06 3.33e-06	
20190608 000000 3.33e-06 3.43e-06 3.17e-06 3.27e-06	
20190607 000000 3.16e-06 3.51e-06 3.04e-06 3.34e-06	
20190606 000000 3.08e-06 3.16e-06 2.95e-06 3.12e-06	
20190605 000000 3.09e-06 3.14e-06 2.8e-06 3.05e-06	
20190604 000000 3.15e-06 3.27e-06 3e-06 3.07e-06	
20190603 000000 3.12e-06 3.57e-06 3.02e-06 3.16e-06	
20190602 000000 3.01e-06 3.3e-06 2.76e-06 3.12e-06	
20190601 000000 3.06e-06 3.15e-06 2.89e-06 3.01e-06	
20190531 000000 3.09e-06 3.23e-06 3e-06 3.06e-06	
20190530 000000 3.16e-06 3.45e-06 3.09e-06 3.09e-06	
20190529 000000 3.32e-06 3.37e-06 3.1e-06 3.2e-06	
20190528 000000 2.94e-06 3.6e-06 2.91e-06 3.35e-06	
20190527 000000 3.38e-06 3.43e-06 2.79e-06 2.9e-06	
20190526 000000 3.11e-06 3.6e-06 3.06e-06 3.35e-06	
20190525 000000 3.44e-06 3.46e-06 3.06e-06 3.09e-06	
20190524 000000 3.48e-06 4.08e-06 3.3e-06 3.45e-06	
20190523 000000 3.23e-06 4.48e-06 3.11e-06 3.49e-06	
20190522 000000 2.86e-06 3.45e-06 2.8e-06 3.23e-06	
20190521 000000 2.77e-06 3.98e-06 2.71e-06 2.86e-06	
20190520 000000 2.83e-06 2.96e-06 2.58e-06 2.77e-06	
20190519 000000 2.98e-06 4.42e-06 2.7e-06 2.83e-06	
20190518 000000 2.91e-06 3.07e-06 2.88e-06 2.98e-06	
20190517 000000 3.07e-06 3.09e-06 2.83e-06 2.9e-06	
20190516 000000 2.9e-06 3.14e-06 2.73e-06 3.07e-06	
20190515 000000 2.69e-06 2.99e-06 2.58e-06 2.9e-06	
20190514 000000 3.15e-06 3.15e-06 2.56e-06 2.69e-06	
20190513 000000 3.69e-06 4.89e-06 2.86e-06 3.01e-06	
