20190611 000000 0.000398 0.000413 0.000392 0.000398	
20190610 000000 0.000379 0.000445 0.000374 0.000399	
20190609 000000 0.000387 0.000387 0.000377 0.000379	
20190608 000000 0.000397 0.000404 0.000383 0.000387	
20190607 000000 0.000382 0.000396 0.000379 0.000396	
20190606 000000 0.000384 0.000392 0.000379 0.000382	
20190605 000000 0.00039 0.000392 0.00038 0.000384	
20190604 000000 0.000398 0.000401 0.000381 0.00039	
20190603 000000 0.000408 0.000415 0.00039 0.000397	
20190602 000000 0.000422 0.000429 0.000404 0.000407	
20190601 000000 0.000375 0.000445 0.000374 0.000423	
20190531 000000 0.000394 0.000396 0.00037 0.000376	
20190530 000000 0.000383 0.000408 0.000376 0.000395	
20190529 000000 0.000365 0.000395 0.000355 0.000383	
20190528 000000 0.000358 0.000376 0.000356 0.000366	
20190527 000000 0.00036 0.000363 0.000345 0.000359	
20190526 000000 0.000361 0.000366 0.000356 0.000361	
20190525 000000 0.000368 0.000369 0.000359 0.000361	
20190524 000000 0.000366 0.000377 0.00036 0.000367	
20190523 000000 0.000389 0.000391 0.000361 0.000366	
20190522 000000 0.000398 0.000408 0.000384 0.000388	
20190521 000000 0.000401 0.00041 0.000383 0.000398	
20190520 000000 0.000387 0.000407 0.000374 0.000398	
20190519 000000 0.000385 0.000395 0.000374 0.000388	
20190518 000000 0.000392 0.000399 0.000379 0.000385	
20190517 000000 0.000412 0.000414 0.000374 0.000392	
20190516 000000 0.000387 0.00044 0.00038 0.000413	
20190515 000000 0.00034 0.000388 0.000336 0.000387	
20190514 000000 0.000323 0.000353 0.000312 0.000341	
20190513 000000 0.00035 0.000351 0.000321 0.000323	
