20190611 000000 1.0645e-06 1.1145e-06 1.0305e-06 1.0436e-06	
20190610 000000 1.073e-06 1.0989e-06 9.85e-07 1.0628e-06	
20190609 000000 1.0608e-06 1.22e-06 1.0162e-06 1.073e-06	
20190608 000000 1.0329e-06 1.075e-06 9.847e-07 1.0608e-06	
20190607 000000 1.014e-06 1.0515e-06 9.675e-07 1.033e-06	
20190606 000000 1.0191e-06 1.0364e-06 9.8e-07 1.0152e-06	
20190605 000000 1.079e-06 1.136e-06 9.74e-07 1.02e-06	
20190604 000000 9.51e-07 1.17e-06 8.95e-07 1.0789e-06	
20190603 000000 9.871e-07 1.005e-06 9.133e-07 9.51e-07	
20190602 000000 9.72e-07 9.9e-07 9e-07 9.593e-07	
20190601 000000 9.917e-07 1.0165e-06 9.493e-07 9.721e-07	
20190531 000000 9.87e-07 1.0383e-06 9.545e-07 9.915e-07	
20190530 000000 1.0165e-06 1.0259e-06 9.648e-07 9.872e-07	
20190529 000000 1.028e-06 1.043e-06 9.98e-07 1.017e-06	
20190528 000000 1.0102e-06 1.04e-06 9.781e-07 1.0285e-06	
20190527 000000 1.111e-06 1.1125e-06 9.142e-07 1.01e-06	
20190526 000000 1.136e-06 1.171e-06 1.0902e-06 1.1113e-06	
20190525 000000 1.104e-06 1.1579e-06 1.04e-06 1.133e-06	
20190524 000000 1.1667e-06 1.1716e-06 1.018e-06 1.104e-06	
20190523 000000 1.15e-06 1.19e-06 1.0454e-06 1.1654e-06	
20190522 000000 1.1706e-06 1.185e-06 1.1e-06 1.1493e-06	
20190521 000000 1.161e-06 1.2426e-06 1.1515e-06 1.171e-06	
20190520 000000 1.1587e-06 1.196e-06 1.1352e-06 1.161e-06	
20190519 000000 1.2593e-06 1.3418e-06 1.129e-06 1.159e-06	
20190518 000000 1.2124e-06 1.2908e-06 1.1585e-06 1.259e-06	
20190517 000000 1.1767e-06 1.2499e-06 1.1e-06 1.2122e-06	
20190516 000000 1.1838e-06 1.1979e-06 1.1056e-06 1.1767e-06	
20190515 000000 1.096e-06 1.1938e-06 1.0613e-06 1.184e-06	
20190514 000000 1.114e-06 1.114e-06 1.05e-06 1.0958e-06	
20190513 000000 1.2024e-06 1.2673e-06 1.1028e-06 1.1142e-06	
