20190611 000000 1.0 1.002 0.997999 1.0	
20190610 000000 0.999999 1.002 0.996 1.002	
20190609 000000 0.999999 1.002 0.997999 1.000058	
20190608 000000 1.000003 1.002 0.997999 1.000119	
20190607 000000 0.999832 1.002 0.997999 1.000003	
20190606 000000 0.999999 1.002 0.997999 0.999998	
20190605 000000 0.999999 1.002 0.997999 0.999497	
20190604 000000 1.000462 1.002 0.995348 0.999927	
20190603 000000 0.999998 1.002 0.995394 0.999999	
20190602 000000 0.999999 1.002 0.995457 1.000792	
20190601 000000 0.995612 1.002 0.995225 1.000343	
20190531 000000 0.99975 1.002 0.995457 0.995688	
20190530 000000 0.999749 1.002 0.997501 0.99975	
20190529 000000 1.000001 1.002 0.997501 0.999213	
20190528 000000 1.000001 1.002 0.998 1.000001	
20190527 000000 0.999999 1.002 0.998 1.000001	
20190526 000000 0.999835 1.002 0.998 0.999999	
20190525 000000 1.000003 1.002 0.998 0.999998	
20190524 000000 1.0 1.002 0.998 0.999801	
20190523 000000 0.999898 1.002 0.998 1.0	
20190522 000000 0.999835 1.002 0.998 0.999588	
20190521 000000 1.0 1.002 0.998 0.999328	
20190520 000000 1.0 1.013946 0.995455 1.000738	
20190519 000000 0.999985 1.041922 0.99569 1.000282	
20190518 000000 0.999999 1.002 0.998 1.000596	
20190517 000000 1.000004 1.030715 0.997928 0.999999	
20190516 000000 1.005022 1.00995 0.995458 1.000004	
20190515 000000 0.99926 1.122247 0.99505 1.008378	
20190514 000000 0.998001 1.002 0.998 0.999999	
20190513 000000 1.000001 1.002 0.996964 1.0	
