20190611 000000 7.8e-06 7.92e-06 7.38e-06 7.42e-06	
20190610 000000 7.72e-06 7.96e-06 7.24e-06 7.79e-06	
20190609 000000 7.53e-06 7.98e-06 7.39e-06 7.74e-06	
20190608 000000 7.8e-06 7.87e-06 7.19e-06 7.52e-06	
20190607 000000 8.04e-06 8.19e-06 7.53e-06 7.79e-06	
20190606 000000 8.06e-06 8.4e-06 7.52e-06 8.03e-06	
20190605 000000 7.63e-06 8.1e-06 7.42e-06 8.05e-06	
20190604 000000 7.46e-06 8.26e-06 6.87e-06 7.64e-06	
20190603 000000 7.43e-06 7.74e-06 7e-06 7.47e-06	
20190602 000000 6.59e-06 7.77e-06 6.43e-06 7.43e-06	
20190601 000000 6.74e-06 7.05e-06 6.41e-06 6.59e-06	
20190531 000000 6.9e-06 7.32e-06 6.38e-06 6.67e-06	
20190530 000000 6.84e-06 7.04e-06 6.62e-06 6.9e-06	
20190529 000000 7.06e-06 7.49e-06 6.72e-06 6.85e-06	
20190528 000000 7.22e-06 7.23e-06 6.37e-06 7.07e-06	
20190527 000000 7.96e-06 8.04e-06 7.1e-06 7.22e-06	
20190526 000000 7.97e-06 8.15e-06 7.67e-06 7.97e-06	
20190525 000000 8.32e-06 8.53e-06 7.85e-06 7.96e-06	
20190524 000000 8.75e-06 8.77e-06 8.15e-06 8.31e-06	
20190523 000000 8.58e-06 8.74e-06 8.05e-06 8.74e-06	
20190522 000000 7.93e-06 8.68e-06 7.78e-06 8.57e-06	
20190521 000000 7.42e-06 8.49e-06 7.11e-06 7.95e-06	
20190520 000000 7.85e-06 9.27e-06 7.15e-06 7.42e-06	
20190519 000000 8.66e-06 8.78e-06 7.64e-06 7.82e-06	
20190518 000000 9.28e-06 9.6e-06 8.09e-06 8.65e-06	
20190517 000000 8.42e-06 9.9e-06 8.09e-06 9.29e-06	
20190516 000000 9.15e-06 9.22e-06 8.03e-06 8.4e-06	
20190515 000000 9.15e-06 9.34e-06 8.5e-06 9.13e-06	
20190514 000000 8.63e-06 9.73e-06 7.82e-06 9.16e-06	
20190513 000000 1.041e-05 1.068e-05 8.27e-06 8.63e-06	
