20190611 000000 4.056e-06 4.104e-06 3.8999e-06 4.007e-06	
20190610 000000 3.927e-06 4.1755e-06 3.812e-06 4.043e-06	
20190609 000000 3.994e-06 4.0433e-06 3.8318e-06 3.91e-06	
20190608 000000 3.964e-06 4.2998e-06 3.8701e-06 3.993e-06	
20190607 000000 3.814e-06 3.9872e-06 3.7652e-06 3.962e-06	
20190606 000000 3.777e-06 4.024e-06 3.7207e-06 3.819e-06	
20190605 000000 3.904e-06 3.92e-06 3.6986e-06 3.772e-06	
20190604 000000 3.901e-06 3.997e-06 3.776e-06 3.904e-06	
20190603 000000 3.986e-06 4.284e-06 3.8501e-06 3.91e-06	
20190602 000000 3.733e-06 4.2558e-06 3.6769e-06 3.984e-06	
20190601 000000 3.741e-06 3.898e-06 3.676e-06 3.717e-06	
20190531 000000 3.681e-06 3.8778e-06 3.5662e-06 3.737e-06	
20190530 000000 3.786e-06 3.9137e-06 3.673e-06 3.678e-06	
20190529 000000 3.897e-06 3.9919e-06 3.7477e-06 3.786e-06	
20190528 000000 3.512e-06 4.89e-06 3.487e-06 3.897e-06	
20190527 000000 3.93e-06 3.957e-06 3.418e-06 3.514e-06	
20190526 000000 3.853e-06 4.0161e-06 3.7454e-06 3.931e-06	
20190525 000000 3.851e-06 3.95e-06 3.7655e-06 3.853e-06	
20190524 000000 4.098e-06 4.345e-06 3.8009e-06 3.851e-06	
20190523 000000 4.1869e-06 4.3962e-06 3.795e-06 4.096e-06	
20190522 000000 3.98e-06 4.181e-06 3.872e-06 4.181e-06	
20190521 000000 3.917e-06 4.074e-06 3.6074e-06 3.98e-06	
20190520 000000 3.784e-06 4.0689e-06 3.516e-06 3.916e-06	
20190519 000000 4.035e-06 4.066e-06 3.7182e-06 3.785e-06	
20190518 000000 4.007e-06 4.17e-06 3.96e-06 4.038e-06	
20190517 000000 4.13e-06 4.3013e-06 3.9267e-06 4.007e-06	
20190516 000000 4.1e-06 4.2997e-06 3.7425e-06 4.114e-06	
20190515 000000 3.655e-06 4.2132e-06 3.5338e-06 4.087e-06	
20190514 000000 3.559e-06 4.372e-06 3.3961e-06 3.668e-06	
20190513 000000 3.819e-06 4.101e-06 3.5318e-06 3.549e-06	
