20190611 000000 4.178e-05 4.546e-05 4.162e-05 4.314e-05	
20190610 000000 4.168e-05 4.427e-05 4.01e-05 4.172e-05	
20190609 000000 4.574e-05 4.594e-05 4.157e-05 4.172e-05	
20190608 000000 4.435e-05 4.59e-05 4.307e-05 4.58e-05	
20190607 000000 4.174e-05 4.466e-05 4.128e-05 4.416e-05	
20190606 000000 4.1e-05 4.231e-05 4.089e-05 4.174e-05	
20190605 000000 4.371e-05 4.384e-05 4.075e-05 4.1e-05	
20190604 000000 4.386e-05 4.494e-05 4.344e-05 4.37e-05	
20190603 000000 4.556e-05 4.672e-05 4.356e-05 4.366e-05	
20190602 000000 4.741e-05 4.76e-05 4.512e-05 4.56e-05	
20190601 000000 5.402e-05 6.018e-05 4.645e-05 4.742e-05	
20190531 000000 4.105e-05 6.15e-05 4.037e-05 5.429e-05	
20190530 000000 3.642e-05 4.82e-05 3.592e-05 4.117e-05	
20190529 000000 3.674e-05 3.814e-05 3.528e-05 3.645e-05	
20190528 000000 3.519e-05 3.729e-05 3.497e-05 3.667e-05	
20190527 000000 3.972e-05 4.24e-05 3.504e-05 3.522e-05	
20190526 000000 3.845e-05 4.054e-05 3.845e-05 3.966e-05	
20190525 000000 3.889e-05 3.941e-05 3.721e-05 3.856e-05	
20190524 000000 4.192e-05 4.35e-05 3.878e-05 3.887e-05	
20190523 000000 4.396e-05 4.49e-05 3.837e-05 4.196e-05	
20190522 000000 3.787e-05 4.774e-05 3.776e-05 4.355e-05	
20190521 000000 3.723e-05 4e-05 3.556e-05 3.787e-05	
20190520 000000 3.752e-05 4.199e-05 3.615e-05 3.709e-05	
20190519 000000 4.225e-05 4.247e-05 3.704e-05 3.752e-05	
20190518 000000 3.993e-05 4.245e-05 3.965e-05 4.224e-05	
20190517 000000 4.065e-05 4.098e-05 3.782e-05 4.031e-05	
20190516 000000 4.052e-05 4.871e-05 3.718e-05 4.063e-05	
20190515 000000 3.633e-05 4.492e-05 3.421e-05 4.055e-05	
20190514 000000 3.784e-05 3.943e-05 3.401e-05 3.619e-05	
20190513 000000 3.711e-05 7.6e-05 3.7e-05 3.732e-05	
