20190611 000000 6.13e-06 6.34e-06 5.69e-06 5.96e-06	
20190610 000000 5.82e-06 6.54e-06 5.64e-06 6.14e-06	
20190609 000000 5.42e-06 6.07e-06 5.38e-06 5.82e-06	
20190608 000000 5.24e-06 5.53e-06 5.19e-06 5.42e-06	
20190607 000000 5.43e-06 5.53e-06 5.17e-06 5.24e-06	
20190606 000000 5.23e-06 5.7e-06 5.17e-06 5.46e-06	
20190605 000000 5.04e-06 5.38e-06 4.77e-06 5.21e-06	
20190604 000000 5.01e-06 5.11e-06 4.86e-06 5.04e-06	
20190603 000000 4.85e-06 5.2e-06 4.78e-06 5.01e-06	
20190602 000000 4.76e-06 5.46e-06 4.74e-06 4.85e-06	
20190601 000000 4.53e-06 5.12e-06 4.33e-06 4.74e-06	
20190531 000000 3.86e-06 5.16e-06 3.62e-06 4.53e-06	
20190530 000000 3.77e-06 4.19e-06 3.68e-06 3.85e-06	
20190529 000000 3.76e-06 3.98e-06 3.57e-06 3.73e-06	
20190528 000000 3.44e-06 4.01e-06 3.39e-06 3.76e-06	
20190527 000000 3.9e-06 3.94e-06 3.4e-06 3.44e-06	
20190526 000000 3.88e-06 4.2e-06 3.75e-06 3.89e-06	
20190525 000000 4.21e-06 4.22e-06 3.82e-06 3.9e-06	
20190524 000000 4.49e-06 4.62e-06 4.14e-06 4.21e-06	
20190523 000000 4.35e-06 4.84e-06 4.31e-06 4.52e-06	
20190522 000000 4.2e-06 4.46e-06 4.16e-06 4.29e-06	
20190521 000000 4e-06 4.3e-06 3.9e-06 4.21e-06	
20190520 000000 4.28e-06 4.8e-06 3.79e-06 4e-06	
20190519 000000 3.92e-06 4.69e-06 3.75e-06 4.28e-06	
20190518 000000 3.85e-06 3.95e-06 3.65e-06 3.95e-06	
20190517 000000 3.87e-06 3.88e-06 3.48e-06 3.8e-06	
20190516 000000 3.6e-06 4.06e-06 3.47e-06 3.85e-06	
20190515 000000 3.28e-06 3.79e-06 3.04e-06 3.57e-06	
20190514 000000 3.41e-06 3.46e-06 2.98e-06 3.23e-06	
20190513 000000 3.61e-06 3.74e-06 3.35e-06 3.42e-06	
