20190611 000000 3.19e-06 3.24e-06 3.05e-06 3.14e-06	
20190610 000000 3.09e-06 3.33e-06 2.95e-06 3.19e-06	
20190609 000000 3.17e-06 3.22e-06 3.03e-06 3.09e-06	
20190608 000000 3.02e-06 3.29e-06 2.95e-06 3.21e-06	
20190607 000000 2.92e-06 3.09e-06 2.85e-06 3e-06	
20190606 000000 2.76e-06 3.09e-06 2.76e-06 2.9e-06	
20190605 000000 2.84e-06 3.09e-06 2.73e-06 2.77e-06	
20190604 000000 2.79e-06 2.84e-06 2.71e-06 2.84e-06	
20190603 000000 2.84e-06 2.86e-06 2.74e-06 2.78e-06	
20190602 000000 2.84e-06 2.87e-06 2.74e-06 2.83e-06	
20190601 000000 2.86e-06 2.99e-06 2.78e-06 2.84e-06	
20190531 000000 2.92e-06 2.96e-06 2.78e-06 2.84e-06	
20190530 000000 2.94e-06 3.19e-06 2.88e-06 2.92e-06	
20190529 000000 2.92e-06 3.13e-06 2.87e-06 2.94e-06	
20190528 000000 2.83e-06 3.07e-06 2.8e-06 2.92e-06	
20190527 000000 3.23e-06 3.24e-06 2.79e-06 2.85e-06	
20190526 000000 3.22e-06 3.37e-06 3.12e-06 3.23e-06	
20190525 000000 3.02e-06 4.44e-06 2.93e-06 3.21e-06	
20190524 000000 3.5e-06 3.51e-06 3e-06 3.02e-06	
20190523 000000 3.06e-06 3.89e-06 3e-06 3.49e-06	
20190522 000000 2.83e-06 3.2e-06 2.83e-06 3.1e-06	
20190521 000000 2.8e-06 2.9e-06 2.64e-06 2.81e-06	
20190520 000000 2.78e-06 2.84e-06 2.62e-06 2.8e-06	
20190519 000000 3.05e-06 3.05e-06 2.74e-06 2.78e-06	
20190518 000000 2.94e-06 3.27e-06 2.92e-06 3.03e-06	
20190517 000000 3.1e-06 3.23e-06 2.81e-06 2.93e-06	
20190516 000000 3.02e-06 3.29e-06 2.64e-06 3.08e-06	
20190515 000000 2.8e-06 3.27e-06 2.79e-06 3.06e-06	
20190514 000000 2.9e-06 2.97e-06 2.68e-06 2.8e-06	
20190513 000000 2.95e-06 3.14e-06 2.85e-06 2.89e-06	
