20190611 000000 3.3e-07 3.4e-07 3.1e-07 3.1e-07	
20190610 000000 3e-07 3.4e-07 2.9e-07 3.4e-07	
20190609 000000 3.2e-07 3.3e-07 2.9e-07 3.1e-07	
20190608 000000 3.4e-07 3.4e-07 3.2e-07 3.3e-07	
20190607 000000 3.3e-07 3.5e-07 3.1e-07 3.3e-07	
20190606 000000 3.5e-07 3.5e-07 3.2e-07 3.3e-07	
20190605 000000 3.4e-07 3.8e-07 3.2e-07 3.5e-07	
20190604 000000 3.3e-07 3.6e-07 2.9e-07 3.3e-07	
20190603 000000 3.5e-07 4.2e-07 3.1e-07 3.3e-07	
20190602 000000 3.6e-07 4.7e-07 3.2e-07 3.5e-07	
20190601 000000 2.5e-07 3.6e-07 2.4e-07 3.5e-07	
20190531 000000 2.7e-07 2.7e-07 2.4e-07 2.5e-07	
20190530 000000 2.8e-07 2.9e-07 2.5e-07 2.6e-07	
20190529 000000 3.1e-07 3.2e-07 2.7e-07 2.8e-07	
20190528 000000 3.2e-07 3.3e-07 3e-07 3.1e-07	
20190527 000000 3.4e-07 3.6e-07 2.8e-07 3.3e-07	
20190526 000000 3.6e-07 3.9e-07 3.1e-07 3.4e-07	
20190525 000000 4.3e-07 4.8e-07 3.4e-07 3.7e-07	
20190524 000000 6.6e-07 7.5e-07 3.8e-07 4.2e-07	
20190523 000000 4.4e-07 6.8e-07 3.6e-07 6.6e-07	
20190522 000000 1.4e-07 4.9e-07 1.4e-07 4.4e-07	
