20190611 000000 3.1e-07 3.17e-07 2.86e-07 3.06e-07	
20190610 000000 3.53e-07 3.54e-07 2.927e-07 3.084e-07	
20190609 000000 3.38e-07 3.589e-07 3.207e-07 3.53e-07	
20190608 000000 3.03e-07 3.553e-07 3e-07 3.38e-07	
20190607 000000 3.04e-07 3.188e-07 2.933e-07 3.04e-07	
20190606 000000 2.78e-07 3.092e-07 2.621e-07 3.04e-07	
20190605 000000 2.64e-07 2.9e-07 2.62e-07 2.78e-07	
20190604 000000 2.7e-07 2.875e-07 2.621e-07 2.64e-07	
20190603 000000 2.7e-07 3e-07 2.623e-07 2.72e-07	
20190602 000000 2.79e-07 2.79e-07 2.639e-07 2.68e-07	
20190601 000000 2.75e-07 2.836e-07 2.678e-07 2.79e-07	
20190531 000000 2.83e-07 2.94e-07 2.649e-07 2.76e-07	
20190530 000000 2.83e-07 2.99e-07 2.684e-07 2.835e-07	
20190529 000000 2.86e-07 3.083e-07 2.682e-07 2.83e-07	
20190528 000000 2.79e-07 3.001e-07 2.689e-07 2.86e-07	
20190527 000000 2.987e-07 3.58e-07 2.625e-07 2.764e-07	
20190526 000000 2.93e-07 3.33e-07 2.84e-07 2.987e-07	
20190525 000000 2.92e-07 3.055e-07 2.8e-07 2.93e-07	
20190524 000000 2.82e-07 3.789e-07 2.816e-07 2.92e-07	
20190523 000000 3.035e-07 3.049e-07 2.676e-07 2.82e-07	
20190522 000000 3.441e-07 3.948e-07 2.753e-07 3.03e-07	
20190521 000000 3.328e-07 3.47e-07 2.758e-07 3.452e-07	
20190520 000000 3.348e-07 3.567e-07 3.028e-07 3.34e-07	
20190519 000000 3.21e-07 3.789e-07 3.2e-07 3.35e-07	
20190518 000000 3.386e-07 3.891e-07 3e-07 3.21e-07	
20190517 000000 3.17e-07 3.525e-07 2.731e-07 3.4e-07	
20190516 000000 2.97e-07 3.28e-07 2.774e-07 3.171e-07	
20190515 000000 2.68e-07 3.07e-07 2.435e-07 2.97e-07	
20190514 000000 2.92e-07 2.93e-07 2.475e-07 2.68e-07	
20190513 000000 3.01e-07 3.554e-07 2.893e-07 2.93e-07	
