20190611 000000 1.821e-06 1.823e-06 1.727e-06 1.777e-06	
20190610 000000 1.76e-06 1.8608e-06 1.6955e-06 1.819e-06	
20190609 000000 1.644e-06 1.851e-06 1.644e-06 1.755e-06	
20190608 000000 1.61e-06 1.6662e-06 1.5786e-06 1.643e-06	
20190607 000000 1.607e-06 1.636e-06 1.577e-06 1.6172e-06	
20190606 000000 1.605e-06 1.637e-06 1.587e-06 1.607e-06	
20190605 000000 1.598e-06 1.6182e-06 1.5397e-06 1.605e-06	
20190604 000000 1.509e-06 1.6078e-06 1.477e-06 1.5981e-06	
20190603 000000 1.61e-06 1.6192e-06 1.487e-06 1.503e-06	
20190602 000000 1.617e-06 1.654e-06 1.5836e-06 1.61e-06	
20190601 000000 1.64e-06 1.7234e-06 1.6038e-06 1.62e-06	
20190531 000000 1.747e-06 1.751e-06 1.5887e-06 1.64e-06	
20190530 000000 1.747e-06 1.7936e-06 1.6819e-06 1.748e-06	
20190529 000000 1.738e-06 1.747e-06 1.675e-06 1.744e-06	
20190528 000000 1.764e-06 1.7725e-06 1.6869e-06 1.737e-06	
20190527 000000 1.924e-06 1.9291e-06 1.702e-06 1.764e-06	
20190526 000000 1.991e-06 2.071e-06 1.8052e-06 1.92e-06	
20190525 000000 1.743e-06 2.0197e-06 1.738e-06 2.0009e-06	
20190524 000000 1.713e-06 1.825e-06 1.6991e-06 1.74e-06	
20190523 000000 1.777e-06 1.9556e-06 1.6821e-06 1.715e-06	
20190522 000000 1.731e-06 1.8699e-06 1.689e-06 1.777e-06	
20190521 000000 1.569e-06 1.8e-06 1.5438e-06 1.733e-06	
20190520 000000 1.622e-06 1.664e-06 1.5635e-06 1.568e-06	
20190519 000000 1.711e-06 1.8363e-06 1.5911e-06 1.622e-06	
20190518 000000 1.728e-06 1.761e-06 1.6342e-06 1.712e-06	
20190517 000000 1.812e-06 1.8923e-06 1.6271e-06 1.728e-06	
20190516 000000 1.7568e-06 1.9763e-06 1.6349e-06 1.8141e-06	
20190515 000000 1.558e-06 1.8e-06 1.5147e-06 1.77e-06	
20190514 000000 1.576e-06 1.6254e-06 1.4289e-06 1.555e-06	
20190513 000000 1.618e-06 1.663e-06 1.5361e-06 1.583e-06	
