20190611 000000 1.308e-05 1.349e-05 1.21e-05 1.309e-05	
20190610 000000 1.349e-05 1.385e-05 1.29e-05 1.319e-05	
20190609 000000 1.351e-05 1.369e-05 1.291e-05 1.35e-05	
20190608 000000 1.363e-05 1.37e-05 1.278e-05 1.351e-05	
20190607 000000 1.314e-05 1.37e-05 1.283e-05 1.363e-05	
20190606 000000 1.262e-05 1.325e-05 1.247e-05 1.309e-05	
20190605 000000 1.297e-05 1.338e-05 1.246e-05 1.271e-05	
20190604 000000 1.261e-05 1.345e-05 1.251e-05 1.297e-05	
20190603 000000 1.292e-05 1.311e-05 1.236e-05 1.26e-05	
20190602 000000 1.292e-05 1.354e-05 1.24e-05 1.292e-05	
20190601 000000 1.274e-05 1.328e-05 1.202e-05 1.295e-05	
20190531 000000 1.26e-05 1.304e-05 1.2e-05 1.275e-05	
20190530 000000 1.273e-05 1.31e-05 1.226e-05 1.261e-05	
20190529 000000 1.285e-05 1.49e-05 1.262e-05 1.275e-05	
20190528 000000 1.299e-05 1.32e-05 1.255e-05 1.281e-05	
20190527 000000 1.468e-05 1.48e-05 1.269e-05 1.3e-05	
20190526 000000 1.449e-05 1.488e-05 1.395e-05 1.467e-05	
20190525 000000 1.457e-05 1.539e-05 1.336e-05 1.445e-05	
20190524 000000 1.421e-05 1.8e-05 1.375e-05 1.457e-05	
20190523 000000 1.327e-05 1.492e-05 1.243e-05 1.422e-05	
20190522 000000 1.289e-05 1.35e-05 1.219e-05 1.336e-05	
20190521 000000 1.253e-05 1.324e-05 1.217e-05 1.292e-05	
20190520 000000 1.272e-05 1.344e-05 1.201e-05 1.253e-05	
20190519 000000 1.389e-05 1.398e-05 1.248e-05 1.274e-05	
20190518 000000 1.55e-05 1.56e-05 1.301e-05 1.393e-05	
20190517 000000 1.546e-05 1.636e-05 1.457e-05 1.555e-05	
20190516 000000 1.62e-05 1.667e-05 1.484e-05 1.551e-05	
20190515 000000 1.433e-05 1.68e-05 1.352e-05 1.621e-05	
20190514 000000 1.613e-05 1.629e-05 1.359e-05 1.432e-05	
20190513 000000 1.632e-05 1.758e-05 1.547e-05 1.615e-05	
