20190611 000000 0.000427 0.000429 0.000407 0.000414	
20190610 000000 0.000427 0.000436 0.000411 0.000431	
20190609 000000 0.000412 0.000429 0.000408 0.000427	
20190608 000000 0.000404 0.000438 0.000402 0.000412	
20190607 000000 0.000419 0.000419 0.0004 0.000408	
20190606 000000 0.0004 0.000419 0.000388 0.000412	
20190605 000000 0.000415 0.000428 0.000381 0.000404	
20190604 000000 0.000424 0.000457 0.000405 0.000421	
20190603 000000 0.000415 0.000435 0.0004 0.000424	
20190602 000000 0.000433 0.000435 0.000405 0.000411	
20190601 000000 0.00043 0.000475 0.000416 0.000434	
20190531 000000 0.000448 0.000492 0.000411 0.000427	
20190530 000000 0.000393 0.00058 0.000381 0.00045	
20190529 000000 0.000388 0.0004 0.000361 0.000395	
20190528 000000 0.000362 0.0004 0.000352 0.000386	
20190527 000000 0.000384 0.000388 0.00035 0.000363	
20190526 000000 0.000411 0.000413 0.000367 0.000383	
20190525 000000 0.00041 0.00044 0.000388 0.000417	
20190524 000000 0.000449 0.000637 0.000402 0.00041	
20190523 000000 0.000326 0.000512 0.00031 0.000449	
20190522 000000 0.000333 0.00035 0.000312 0.000323	
20190521 000000 0.000315 0.000353 0.000301 0.000336	
20190520 000000 0.000351 0.000355 0.000285 0.000315	
20190519 000000 0.000383 0.000404 0.000321 0.000354	
20190518 000000 0.000409 0.00041 0.000373 0.000384	
20190517 000000 0.000398 0.000428 0.000376 0.000409	
20190516 000000 0.000381 0.000428 0.000352 0.000398	
20190515 000000 0.000356 0.000399 0.000341 0.000381	
20190514 000000 0.000394 0.0004 0.000337 0.000357	
20190513 000000 0.000437 0.00044 0.000383 0.00039	
