20190611 000000 3.94e-07 4.008e-07 3.91e-07 4e-07	
20190610 000000 4e-07 4.008e-07 3.906e-07 3.93e-07	
20190609 000000 4.02e-07 4.103e-07 3.984e-07 4e-07	
20190608 000000 4.04e-07 4.13e-07 3.989e-07 4.02e-07	
20190607 000000 3.95e-07 4.102e-07 3.889e-07 4.05e-07	
20190606 000000 3.96e-07 4.032e-07 3.92e-07 3.95e-07	
20190605 000000 4.11e-07 4.128e-07 3.96e-07 3.97e-07	
20190604 000000 4.05e-07 4.207e-07 3.914e-07 4.11e-07	
20190603 000000 4.11e-07 4.17e-07 4.006e-07 4.06e-07	
20190602 000000 4.13e-07 4.211e-07 4.063e-07 4.1e-07	
20190601 000000 4.03e-07 4.3e-07 4e-07 4.14e-07	
20190531 000000 4.18e-07 4.2e-07 3.993e-07 4.04e-07	
20190530 000000 4.06e-07 4.398e-07 4.031e-07 4.19e-07	
20190529 000000 4.09e-07 4.23e-07 3.98e-07 4.05e-07	
20190528 000000 4.04e-07 4.233e-07 4.007e-07 4.09e-07	
20190527 000000 4.39e-07 4.41e-07 3.965e-07 4.04e-07	
20190526 000000 4.163e-07 4.637e-07 4.104e-07 4.39e-07	
20190525 000000 4.2e-07 4.253e-07 4.021e-07 4.163e-07	
20190524 000000 4.24e-07 4.28e-07 4.163e-07 4.2e-07	
20190523 000000 4.31e-07 4.411e-07 4.072e-07 4.24e-07	
20190522 000000 4.37e-07 4.47e-07 4.257e-07 4.31e-07	
20190521 000000 4.23e-07 4.553e-07 4.106e-07 4.37e-07	
20190520 000000 4.21e-07 4.26e-07 4.071e-07 4.22e-07	
20190519 000000 4.36e-07 4.443e-07 4.1e-07 4.21e-07	
20190518 000000 4.183e-07 4.7e-07 4.183e-07 4.35e-07	
20190517 000000 4.539e-07 4.64e-07 4.067e-07 4.231e-07	
20190516 000000 4.046e-07 4.89e-07 3.994e-07 4.56e-07	
20190515 000000 3.7e-07 4.113e-07 3.684e-07 4.05e-07	
20190514 000000 3.9e-07 3.972e-07 3.557e-07 3.7e-07	
20190513 000000 4.11e-07 4.219e-07 3.861e-07 3.9e-07	
