20190611 000000 1.0501e-06 1.21e-06 1.05e-06 1.11e-06	
20190610 000000 1.048e-06 1.1783e-06 1.01e-06 1.058e-06	
20190609 000000 1.129e-06 1.1795e-06 1.0238e-06 1.046e-06	
20190608 000000 1.083e-06 1.238e-06 1.0782e-06 1.1391e-06	
20190607 000000 1.174e-06 1.1801e-06 1.0519e-06 1.085e-06	
20190606 000000 1.023e-06 1.237e-06 1.0003e-06 1.1727e-06	
20190605 000000 9.99e-07 1.049e-06 9.7e-07 1.027e-06	
20190604 000000 9.47e-07 1.02e-06 9.287e-07 1e-06	
20190603 000000 9.45e-07 9.676e-07 9.12e-07 9.49e-07	
20190602 000000 9.61e-07 9.736e-07 9.252e-07 9.45e-07	
20190601 000000 9.45e-07 9.704e-07 9.264e-07 9.63e-07	
20190531 000000 9.77e-07 1.002e-06 8.9e-07 9.45e-07	
20190530 000000 9.804e-07 1.0251e-06 9.35e-07 9.8e-07	
20190529 000000 9.5e-07 1.0649e-06 9.262e-07 9.792e-07	
20190528 000000 9.5e-07 1.0139e-06 8.593e-07 9.5e-07	
20190527 000000 9.23e-07 1.15e-06 9.17e-07 9.5e-07	
20190526 000000 9.34e-07 9.682e-07 9.1e-07 9.24e-07	
20190525 000000 9.39e-07 9.9e-07 8.98e-07 9.33e-07	
20190524 000000 9.91e-07 1.0195e-06 8.961e-07 9.39e-07	
20190523 000000 9.45e-07 1.035e-06 9.251e-07 9.93e-07	
20190522 000000 1.0187e-06 1.0507e-06 9.127e-07 9.45e-07	
20190521 000000 1.078e-06 1.1278e-06 9.077e-07 1.0187e-06	
20190520 000000 1.105e-06 1.2094e-06 9.995e-07 1.0769e-06	
20190519 000000 1.104e-06 1.7457e-06 1.0748e-06 1.105e-06	
20190518 000000 1.212e-06 1.2166e-06 1.02e-06 1.103e-06	
20190517 000000 1.0662e-06 1.2814e-06 1.0211e-06 1.213e-06	
20190516 000000 1.019e-06 1.29e-06 9.702e-07 1.0662e-06	
20190515 000000 9.26e-07 1.0863e-06 8.99e-07 1.019e-06	
20190514 000000 9.72e-07 9.72e-07 8.6e-07 9.329e-07	
20190513 000000 1.139e-06 1.2203e-06 9.371e-07 9.75e-07	
