20190611 000000 5.15e-07 5.3e-07 4.9e-07 5.021e-07	
20190610 000000 4.888e-07 6.3e-07 4.877e-07 5.166e-07	
20190609 000000 5.083e-07 5.333e-07 4.777e-07 4.887e-07	
20190608 000000 5.369e-07 5.42e-07 4.715e-07 5.083e-07	
20190607 000000 5.4e-07 6.369e-07 5.053e-07 5.37e-07	
20190606 000000 4.495e-07 6.138e-07 4.09e-07 5.4e-07	
20190605 000000 5.1e-07 5.135e-07 4.405e-07 4.49e-07	
20190604 000000 5.427e-07 5.449e-07 4.707e-07 5.1e-07	
20190603 000000 5.824e-07 5.832e-07 5.007e-07 5.427e-07	
20190602 000000 6.06e-07 6.075e-07 5.765e-07 5.825e-07	
20190601 000000 5.936e-07 6.173e-07 5.713e-07 6.07e-07	
20190531 000000 6.1e-07 6.395e-07 5.9e-07 5.92e-07	
20190530 000000 5.82e-07 6.622e-07 5.662e-07 6.12e-07	
20190529 000000 6.03e-07 6.115e-07 5.716e-07 5.82e-07	
20190528 000000 5.93e-07 6.34e-07 5.661e-07 6.03e-07	
20190527 000000 6.402e-07 6.998e-07 5.8e-07 5.927e-07	
20190526 000000 6.653e-07 6.653e-07 6.102e-07 6.434e-07	
20190525 000000 6.04e-07 8.025e-07 5.8e-07 6.588e-07	
20190524 000000 6.43e-07 6.699e-07 6e-07 6.04e-07	
20190523 000000 6.5e-07 6.817e-07 6.36e-07 6.43e-07	
20190522 000000 6.694e-07 7.1e-07 6.208e-07 6.5e-07	
20190521 000000 6.527e-07 7.493e-07 6.108e-07 6.694e-07	
20190520 000000 7.37e-07 7.44e-07 6.29e-07 6.453e-07	
20190519 000000 8.44e-07 8.49e-07 7.242e-07 7.346e-07	
20190518 000000 8.77e-07 8.865e-07 7.922e-07 8.44e-07	
20190517 000000 8.45e-07 9.72e-07 7.464e-07 8.8e-07	
20190516 000000 8.833e-07 1.048e-06 7.8e-07 8.409e-07	
20190515 000000 5.96e-07 9e-07 5.93e-07 8.832e-07	
20190514 000000 7.63e-07 7.718e-07 5.799e-07 5.939e-07	
20190513 000000 9.46e-07 9.6e-07 7.295e-07 7.719e-07	
