20190611 000000 5.05e-06 5.08e-06 4.9e-06 4.91e-06	
20190610 000000 5.19e-06 5.22e-06 4.95e-06 5.06e-06	
20190609 000000 5.21e-06 5.3e-06 5.07e-06 5.19e-06	
20190608 000000 5.02e-06 5.24e-06 4.93e-06 5.21e-06	
20190607 000000 5.13e-06 5.22e-06 4.93e-06 5.02e-06	
20190606 000000 4.72e-06 5.78e-06 4.72e-06 5.13e-06	
20190605 000000 4.92e-06 4.95e-06 4.71e-06 4.72e-06	
20190604 000000 4.55e-06 4.98e-06 4.36e-06 4.92e-06	
20190603 000000 4.75e-06 4.79e-06 4.51e-06 4.53e-06	
20190602 000000 4.89e-06 4.92e-06 4.72e-06 4.76e-06	
20190601 000000 4.9e-06 4.95e-06 4.76e-06 4.89e-06	
20190531 000000 4.98e-06 5.08e-06 4.88e-06 4.9e-06	
20190530 000000 4.99e-06 5.1e-06 4.88e-06 4.99e-06	
20190529 000000 5.08e-06 5.25e-06 4.88e-06 4.98e-06	
20190528 000000 4.95e-06 5.21e-06 4.84e-06 5.08e-06	
20190527 000000 5.41e-06 5.57e-06 4.67e-06 4.95e-06	
20190526 000000 5.27e-06 5.49e-06 5.23e-06 5.41e-06	
20190525 000000 5.21e-06 5.6e-06 5.06e-06 5.28e-06	
20190524 000000 5.26e-06 7.47e-06 5.18e-06 5.22e-06	
20190523 000000 5.51e-06 5.59e-06 5.02e-06 5.26e-06	
20190522 000000 5.18e-06 5.7e-06 5.02e-06 5.55e-06	
20190521 000000 5.1e-06 5.21e-06 4.85e-06 5.18e-06	
20190520 000000 5.03e-06 5.36e-06 4.92e-06 5.1e-06	
20190519 000000 5.64e-06 5.72e-06 4.85e-06 5.03e-06	
20190518 000000 5.79e-06 5.82e-06 5.44e-06 5.64e-06	
20190517 000000 5.22e-06 5.96e-06 5.18e-06 5.8e-06	
20190516 000000 5.28e-06 5.7e-06 5.05e-06 5.2e-06	
20190515 000000 5.01e-06 6.06e-06 5e-06 5.28e-06	
20190514 000000 5.78e-06 5.78e-06 4.85e-06 5.01e-06	
20190513 000000 5.92e-06 6.09e-06 5.78e-06 5.78e-06	
