20190611 000000 3.72e-06 3.89e-06 3.66e-06 3.69e-06	
20190610 000000 3.78e-06 3.87e-06 3.64e-06 3.71e-06	
20190609 000000 3.52e-06 3.83e-06 3.49e-06 3.78e-06	
20190608 000000 3.66e-06 3.93e-06 3.48e-06 3.5e-06	
20190607 000000 3.34e-06 4.2e-06 3.31e-06 3.66e-06	
20190606 000000 3.32e-06 3.44e-06 3.31e-06 3.34e-06	
20190605 000000 3.3e-06 3.62e-06 3.28e-06 3.35e-06	
20190604 000000 3.33e-06 3.37e-06 3.21e-06 3.3e-06	
20190603 000000 3.3e-06 3.49e-06 3.28e-06 3.32e-06	
20190602 000000 3.32e-06 3.36e-06 3.29e-06 3.3e-06	
20190601 000000 3.33e-06 3.42e-06 3.3e-06 3.32e-06	
20190531 000000 3.49e-06 3.55e-06 3.28e-06 3.33e-06	
20190530 000000 3.51e-06 3.7e-06 3.42e-06 3.52e-06	
20190529 000000 3.44e-06 3.61e-06 3.34e-06 3.5e-06	
20190528 000000 3.3e-06 3.78e-06 3.26e-06 3.45e-06	
20190527 000000 3.42e-06 3.6e-06 3.17e-06 3.3e-06	
20190526 000000 3.27e-06 3.6e-06 3.26e-06 3.4e-06	
20190525 000000 3.27e-06 3.36e-06 3.24e-06 3.28e-06	
20190524 000000 3.34e-06 3.39e-06 3.24e-06 3.26e-06	
20190523 000000 3.47e-06 3.52e-06 3.28e-06 3.35e-06	
20190522 000000 3.35e-06 3.56e-06 3.31e-06 3.43e-06	
20190521 000000 3.3e-06 3.42e-06 3.23e-06 3.34e-06	
20190520 000000 3.34e-06 3.39e-06 3.23e-06 3.31e-06	
20190519 000000 3.47e-06 3.54e-06 3.31e-06 3.35e-06	
20190518 000000 3.41e-06 3.64e-06 3.39e-06 3.48e-06	
20190517 000000 3.65e-06 3.66e-06 3.31e-06 3.39e-06	
20190516 000000 3.33e-06 3.93e-06 3.29e-06 3.61e-06	
20190515 000000 3.13e-06 3.38e-06 3.08e-06 3.33e-06	
20190514 000000 2.96e-06 3.15e-06 2.81e-06 3.09e-06	
20190513 000000 3.16e-06 3.24e-06 2.92e-06 2.96e-06	
