20190611 000000 7.47e-07 8.282e-07 7.44e-07 7.81e-07	
20190610 000000 7.35e-07 7.744e-07 7.166e-07 7.46e-07	
20190609 000000 7.012e-07 7.522e-07 6.94e-07 7.34e-07	
20190608 000000 7.2e-07 7.607e-07 6.91e-07 7.04e-07	
20190607 000000 7.47e-07 7.53e-07 7.115e-07 7.2e-07	
20190606 000000 7.36e-07 7.6e-07 7.226e-07 7.49e-07	
20190605 000000 7.44e-07 7.525e-07 7.172e-07 7.37e-07	
20190604 000000 7.11e-07 7.607e-07 6.777e-07 7.45e-07	
20190603 000000 7.39e-07 7.39e-07 6.99e-07 7.11e-07	
20190602 000000 7.51e-07 7.555e-07 7.302e-07 7.4e-07	
20190601 000000 7.64e-07 8.202e-07 7.25e-07 7.51e-07	
20190531 000000 7.79e-07 7.79e-07 7.25e-07 7.62e-07	
20190530 000000 7.49e-07 7.897e-07 7.432e-07 7.754e-07	
20190529 000000 7.65e-07 7.882e-07 7.348e-07 7.49e-07	
20190528 000000 7.93e-07 8.07e-07 7.423e-07 7.65e-07	
20190527 000000 8.18e-07 9.77e-07 7.71e-07 7.97e-07	
20190526 000000 7.63e-07 8.435e-07 7.517e-07 8.18e-07	
20190525 000000 7.28e-07 8e-07 7.153e-07 7.63e-07	
20190524 000000 7.26e-07 7.544e-07 6.891e-07 7.28e-07	
20190523 000000 7.43e-07 7.83e-07 6.696e-07 7.27e-07	
20190522 000000 7.54e-07 7.944e-07 7.208e-07 7.45e-07	
20190521 000000 7.25e-07 7.85e-07 7.21e-07 7.52e-07	
20190520 000000 7.4e-07 7.512e-07 7.1e-07 7.22e-07	
20190519 000000 7.83e-07 8.043e-07 7.291e-07 7.39e-07	
20190518 000000 7.73e-07 8.05e-07 7.67e-07 7.83e-07	
20190517 000000 8.11e-07 8.12e-07 7.189e-07 7.73e-07	
20190516 000000 8e-07 8.997e-07 7.26e-07 8.14e-07	
20190515 000000 7.114e-07 8.661e-07 7e-07 8e-07	
20190514 000000 6.914e-07 7.868e-07 6.445e-07 7.09e-07	
20190513 000000 7.62e-07 7.85e-07 6.624e-07 6.87e-07	
