20190611 000000 3.43e-06 4.08e-06 3.4e-06 3.68e-06	
20190610 000000 3.45e-06 3.59e-06 3.38e-06 3.43e-06	
20190609 000000 3.53e-06 3.6e-06 3.41e-06 3.45e-06	
20190608 000000 3.3e-06 3.79e-06 3.24e-06 3.53e-06	
20190607 000000 3.15e-06 3.46e-06 3.15e-06 3.3e-06	
20190606 000000 3.08e-06 3.2e-06 3.06e-06 3.15e-06	
20190605 000000 3.09e-06 3.2e-06 3.05e-06 3.08e-06	
20190604 000000 3.13e-06 3.17e-06 3.02e-06 3.09e-06	
20190603 000000 3.14e-06 3.21e-06 3.08e-06 3.13e-06	
20190602 000000 3.18e-06 3.24e-06 2.95e-06 3.14e-06	
20190601 000000 3.14e-06 3.31e-06 3.11e-06 3.18e-06	
20190531 000000 3.35e-06 3.37e-06 3.11e-06 3.14e-06	
20190530 000000 3.33e-06 3.42e-06 3.28e-06 3.34e-06	
20190529 000000 3.36e-06 3.47e-06 3.26e-06 3.34e-06	
20190528 000000 3.27e-06 3.5e-06 3.17e-06 3.37e-06	
20190527 000000 3.65e-06 3.71e-06 3.16e-06 3.26e-06	
20190526 000000 3.56e-06 3.94e-06 3.44e-06 3.64e-06	
20190525 000000 3.37e-06 3.68e-06 3.35e-06 3.56e-06	
20190524 000000 3.35e-06 3.6e-06 3.29e-06 3.37e-06	
20190523 000000 3.41e-06 3.45e-06 3.22e-06 3.34e-06	
20190522 000000 3.33e-06 3.58e-06 3.29e-06 3.41e-06	
20190521 000000 3.16e-06 3.5e-06 3.11e-06 3.33e-06	
20190520 000000 3.17e-06 3.24e-06 3.05e-06 3.16e-06	
20190519 000000 3.33e-06 3.46e-06 3.07e-06 3.17e-06	
20190518 000000 3.46e-06 3.52e-06 3.11e-06 3.31e-06	
20190517 000000 3.15e-06 3.93e-06 3.04e-06 3.47e-06	
20190516 000000 3.14e-06 3.49e-06 3.02e-06 3.15e-06	
20190515 000000 2.93e-06 3.24e-06 2.87e-06 3.14e-06	
20190514 000000 2.87e-06 3.09e-06 2.75e-06 2.9e-06	
20190513 000000 3.2e-06 3.33e-06 2.87e-06 2.87e-06	
