20190611 000000 1.17e-07 1.454e-07 1.131e-07 1.319e-07	
20190610 000000 1.19e-07 1.27e-07 1.13e-07 1.17e-07	
20190609 000000 1.222e-07 1.328e-07 1.11e-07 1.19e-07	
20190608 000000 1.39e-07 1.4e-07 1.2e-07 1.222e-07	
20190607 000000 1.55e-07 1.55e-07 1.302e-07 1.39e-07	
20190606 000000 1.06e-07 1.568e-07 1.04e-07 1.55e-07	
20190605 000000 1.03e-07 1.114e-07 1.03e-07 1.07e-07	
20190604 000000 1.04e-07 1.046e-07 1.011e-07 1.039e-07	
20190603 000000 1.06e-07 1.091e-07 1.033e-07 1.04e-07	
20190602 000000 1.08e-07 1.107e-07 1.01e-07 1.06e-07	
20190601 000000 1.02e-07 1.107e-07 1.02e-07 1.08e-07	
20190531 000000 1.082e-07 1.085e-07 9.73e-08 1.02e-07	
20190530 000000 1.07e-07 1.125e-07 1.04e-07 1.085e-07	
20190529 000000 1.1e-07 1.205e-07 1.024e-07 1.07e-07	
20190528 000000 1.07e-07 1.19e-07 9.5e-08 1.1e-07	
20190527 000000 1.25e-07 1.262e-07 1.059e-07 1.07e-07	
20190526 000000 1.3e-07 1.306e-07 1.21e-07 1.247e-07	
20190525 000000 1.17e-07 1.414e-07 1.118e-07 1.288e-07	
20190524 000000 1.939e-07 1.942e-07 1.16e-07 1.17e-07	
20190523 000000 2.16e-07 2.32e-07 1.8e-07 1.93e-07	
20190522 000000 2.3e-07 2.588e-07 2.086e-07 2.16e-07	
20190521 000000 2.49e-07 2.5e-07 2.016e-07 2.3e-07	
20190520 000000 2.43e-07 2.625e-07 2.233e-07 2.49e-07	
20190519 000000 2.2e-07 2.739e-07 1.86e-07 2.439e-07	
20190518 000000 1.481e-07 2.444e-07 1.35e-07 2.19e-07	
20190517 000000 1.02e-07 1.564e-07 9.08e-08 1.481e-07	
20190516 000000 9.74e-08 1.079e-07 8.79e-08 1.01e-07	
20190515 000000 1.012e-07 1.15e-07 8.66e-08 9.74e-08	
20190514 000000 8.07e-08 1.117e-07 6.73e-08 1.012e-07	
20190513 000000 9.1e-08 9.28e-08 7.69e-08 8.07e-08	
