20190611 000000 5.164e-05 5.498e-05 5.076e-05 5.427e-05	
20190610 000000 5.011e-05 5.394e-05 4.85e-05 5.164e-05	
20190609 000000 4.971e-05 5.566e-05 4.878e-05 5.011e-05	
20190608 000000 4.673e-05 5.207e-05 4.602e-05 4.954e-05	
20190607 000000 4.532e-05 4.813e-05 4.498e-05 4.677e-05	
20190606 000000 4.53e-05 4.651e-05 4.49e-05 4.528e-05	
20190605 000000 4.598e-05 4.681e-05 4.509e-05 4.527e-05	
20190604 000000 4.611e-05 4.734e-05 4.492e-05 4.585e-05	
20190603 000000 4.715e-05 4.749e-05 4.585e-05 4.624e-05	
20190602 000000 4.612e-05 4.781e-05 4.586e-05 4.721e-05	
20190601 000000 4.655e-05 4.853e-05 4.572e-05 4.612e-05	
20190531 000000 4.781e-05 4.822e-05 4.531e-05 4.657e-05	
20190530 000000 4.801e-05 4.977e-05 4.771e-05 4.785e-05	
20190529 000000 4.815e-05 4.972e-05 4.712e-05 4.803e-05	
20190528 000000 4.772e-05 4.997e-05 4.683e-05 4.808e-05	
20190527 000000 4.891e-05 4.975e-05 4.453e-05 4.777e-05	
20190526 000000 4.84e-05 5.092e-05 4.788e-05 4.887e-05	
20190525 000000 4.906e-05 4.92e-05 4.775e-05 4.83e-05	
20190524 000000 4.925e-05 5.091e-05 4.703e-05 4.903e-05	
20190523 000000 4.882e-05 5.551e-05 4.754e-05 4.922e-05	
20190522 000000 4.696e-05 5.122e-05 4.678e-05 4.884e-05	
20190521 000000 4.486e-05 5.092e-05 4.351e-05 4.691e-05	
20190520 000000 4.572e-05 4.61e-05 4.371e-05 4.486e-05	
20190519 000000 4.776e-05 4.812e-05 4.53e-05 4.575e-05	
20190518 000000 4.757e-05 4.989e-05 4.675e-05 4.775e-05	
20190517 000000 4.934e-05 5.051e-05 4.597e-05 4.766e-05	
20190516 000000 4.731e-05 5.416e-05 4.609e-05 4.941e-05	
20190515 000000 4.311e-05 4.79e-05 4.264e-05 4.736e-05	
20190514 000000 4.201e-05 4.602e-05 3.998e-05 4.316e-05	
20190513 000000 4.515e-05 4.602e-05 4.154e-05 4.192e-05	
