20190611 000000 3.476e-05 3.618e-05 3.473e-05 3.497e-05	
20190610 000000 3.503e-05 3.659e-05 3.436e-05 3.48e-05	
20190609 000000 3.501e-05 3.807e-05 3.463e-05 3.498e-05	
20190608 000000 3.387e-05 3.876e-05 3.356e-05 3.492e-05	
20190607 000000 3.215e-05 3.595e-05 3.208e-05 3.387e-05	
20190606 000000 3.171e-05 3.267e-05 3.159e-05 3.215e-05	
20190605 000000 3.226e-05 3.353e-05 3.126e-05 3.182e-05	
20190604 000000 3.15e-05 3.317e-05 3.123e-05 3.236e-05	
20190603 000000 3.232e-05 3.318e-05 3.118e-05 3.161e-05	
20190602 000000 3.278e-05 3.32e-05 3.204e-05 3.232e-05	
20190601 000000 3.247e-05 3.32e-05 3.187e-05 3.291e-05	
20190531 000000 3.28e-05 3.32e-05 3.153e-05 3.247e-05	
20190530 000000 3.388e-05 3.43e-05 3.28e-05 3.28e-05	
20190529 000000 3.455e-05 3.52e-05 3.321e-05 3.397e-05	
20190528 000000 3.465e-05 3.529e-05 3.397e-05 3.455e-05	
20190527 000000 3.806e-05 3.829e-05 3.409e-05 3.458e-05	
20190526 000000 3.707e-05 4.209e-05 3.696e-05 3.811e-05	
20190525 000000 3.658e-05 3.918e-05 3.546e-05 3.718e-05	
20190524 000000 3.646e-05 3.916e-05 3.618e-05 3.667e-05	
20190523 000000 3.538e-05 3.705e-05 3.456e-05 3.642e-05	
20190522 000000 3.398e-05 3.669e-05 3.353e-05 3.529e-05	
20190521 000000 3.25e-05 3.698e-05 3.174e-05 3.391e-05	
20190520 000000 3.294e-05 3.313e-05 3.163e-05 3.258e-05	
20190519 000000 3.515e-05 3.515e-05 3.251e-05 3.296e-05	
20190518 000000 3.546e-05 3.675e-05 3.497e-05 3.507e-05	
20190517 000000 3.304e-05 3.654e-05 3.179e-05 3.544e-05	
20190516 000000 3.299e-05 3.657e-05 3.133e-05 3.307e-05	
20190515 000000 3.027e-05 3.33e-05 3.01e-05 3.307e-05	
20190514 000000 3.033e-05 3.097e-05 2.788e-05 3.004e-05	
20190513 000000 3.339e-05 3.355e-05 2.971e-05 3.033e-05	
