20190611 000000 3.166e-07 3.61e-07 3.081e-07 3.16e-07	
20190610 000000 3.19e-07 3.39e-07 3.02e-07 3.163e-07	
20190609 000000 3.101e-07 3.48e-07 3.081e-07 3.19e-07	
20190608 000000 3.144e-07 3.22e-07 2.992e-07 3.095e-07	
20190607 000000 3.269e-07 3.271e-07 3.095e-07 3.14e-07	
20190606 000000 3.03e-07 3.298e-07 2.931e-07 3.27e-07	
20190605 000000 2.946e-07 3.688e-07 2.928e-07 3.03e-07	
20190604 000000 3.051e-07 3.15e-07 2.85e-07 2.965e-07	
20190603 000000 3.3e-07 3.306e-07 3e-07 3.047e-07	
20190602 000000 3.34e-07 3.362e-07 3.214e-07 3.3e-07	
20190601 000000 3.354e-07 3.424e-07 3.299e-07 3.331e-07	
20190531 000000 3.484e-07 3.543e-07 3.199e-07 3.37e-07	
20190530 000000 3.53e-07 3.62e-07 3.427e-07 3.49e-07	
20190529 000000 3.56e-07 3.669e-07 3.467e-07 3.53e-07	
20190528 000000 3.58e-07 3.615e-07 3.403e-07 3.56e-07	
20190527 000000 3.7e-07 3.737e-07 3.48e-07 3.582e-07	
20190526 000000 3.682e-07 3.766e-07 3.647e-07 3.71e-07	
20190525 000000 3.79e-07 3.826e-07 3.661e-07 3.682e-07	
20190524 000000 3.77e-07 3.871e-07 3.588e-07 3.823e-07	
20190523 000000 3.84e-07 3.881e-07 3.623e-07 3.77e-07	
20190522 000000 3.95e-07 3.999e-07 3.736e-07 3.84e-07	
20190521 000000 3.66e-07 3.978e-07 3.602e-07 3.937e-07	
20190520 000000 3.87e-07 3.98e-07 3.603e-07 3.66e-07	
20190519 000000 4.01e-07 4.097e-07 3.7e-07 3.87e-07	
20190518 000000 4.12e-07 4.13e-07 3.886e-07 4.02e-07	
20190517 000000 4.096e-07 4.633e-07 3.485e-07 4.13e-07	
20190516 000000 3.635e-07 4.183e-07 3.5e-07 4.06e-07	
20190515 000000 3.42e-07 3.665e-07 3.076e-07 3.6e-07	
20190514 000000 3.72e-07 3.72e-07 3.251e-07 3.42e-07	
20190513 000000 4.244e-07 4.244e-07 3.7e-07 3.72e-07	
