20190611 000000 1.737e-05 1.85e-05 1.736e-05 1.811e-05	
20190610 000000 1.728e-05 1.782e-05 1.677e-05 1.737e-05	
20190609 000000 1.674e-05 1.847e-05 1.67e-05 1.728e-05	
20190608 000000 1.684e-05 1.718e-05 1.655e-05 1.674e-05	
20190607 000000 1.664e-05 1.724e-05 1.65e-05 1.682e-05	
20190606 000000 1.615e-05 1.775e-05 1.611e-05 1.665e-05	
20190605 000000 1.619e-05 1.706e-05 1.559e-05 1.615e-05	
20190604 000000 1.588e-05 1.668e-05 1.559e-05 1.619e-05	
20190603 000000 1.606e-05 1.658e-05 1.551e-05 1.589e-05	
20190602 000000 1.514e-05 1.692e-05 1.511e-05 1.605e-05	
20190601 000000 1.581e-05 1.61e-05 1.501e-05 1.513e-05	
20190531 000000 1.614e-05 1.678e-05 1.523e-05 1.581e-05	
20190530 000000 1.712e-05 1.926e-05 1.615e-05 1.623e-05	
20190529 000000 1.503e-05 1.912e-05 1.461e-05 1.713e-05	
20190528 000000 1.462e-05 1.541e-05 1.414e-05 1.504e-05	
20190527 000000 1.571e-05 1.571e-05 1.388e-05 1.46e-05	
20190526 000000 1.599e-05 1.72e-05 1.52e-05 1.571e-05	
20190525 000000 1.553e-05 1.72e-05 1.476e-05 1.601e-05	
20190524 000000 1.373e-05 1.829e-05 1.343e-05 1.548e-05	
20190523 000000 1.419e-05 1.464e-05 1.34e-05 1.374e-05	
20190522 000000 1.47e-05 1.498e-05 1.41e-05 1.419e-05	
20190521 000000 1.438e-05 1.528e-05 1.378e-05 1.47e-05	
20190520 000000 1.487e-05 1.507e-05 1.405e-05 1.438e-05	
20190519 000000 1.602e-05 1.683e-05 1.465e-05 1.488e-05	
20190518 000000 1.539e-05 1.684e-05 1.512e-05 1.603e-05	
20190517 000000 1.455e-05 1.59e-05 1.323e-05 1.539e-05	
20190516 000000 1.438e-05 1.518e-05 1.339e-05 1.455e-05	
20190515 000000 1.195e-05 1.52e-05 1.177e-05 1.44e-05	
20190514 000000 1.209e-05 1.222e-05 1.102e-05 1.194e-05	
20190513 000000 1.255e-05 1.371e-05 1.168e-05 1.206e-05	
