20190611 000000 6.3e-07 6.493e-07 6.09e-07 6.31e-07	
20190610 000000 6.13e-07 6.402e-07 5.863e-07 6.3e-07	
20190609 000000 6.3e-07 6.762e-07 6.089e-07 6.13e-07	
20190608 000000 6.28e-07 6.335e-07 6.076e-07 6.26e-07	
20190607 000000 5.996e-07 6.55e-07 5.892e-07 6.29e-07	
20190606 000000 5.67e-07 6.188e-07 5.65e-07 5.99e-07	
20190605 000000 5.83e-07 5.839e-07 5.65e-07 5.67e-07	
20190604 000000 5.79e-07 5.93e-07 5.6e-07 5.83e-07	
20190603 000000 5.84e-07 5.92e-07 5.611e-07 5.78e-07	
20190602 000000 5.89e-07 5.997e-07 5.731e-07 5.86e-07	
20190601 000000 5.97e-07 6.03e-07 5.789e-07 5.86e-07	
20190531 000000 6.212e-07 6.248e-07 5.891e-07 5.97e-07	
20190530 000000 6.6e-07 6.699e-07 6.095e-07 6.212e-07	
20190529 000000 6.02e-07 6.775e-07 5.769e-07 6.58e-07	
20190528 000000 5.72e-07 6.078e-07 5.57e-07 6.03e-07	
20190527 000000 6.49e-07 6.53e-07 5.573e-07 5.73e-07	
20190526 000000 6.46e-07 6.78e-07 6.35e-07 6.5e-07	
20190525 000000 6.65e-07 6.706e-07 6.292e-07 6.46e-07	
20190524 000000 6.83e-07 6.96e-07 6.569e-07 6.65e-07	
20190523 000000 7.278e-07 7.401e-07 6.48e-07 6.831e-07	
20190522 000000 6.79e-07 7.39e-07 6.266e-07 7.275e-07	
20190521 000000 7.02e-07 7.11e-07 6.105e-07 6.81e-07	
20190520 000000 7.22e-07 7.3e-07 6.798e-07 7.07e-07	
20190519 000000 7.53e-07 7.609e-07 6.859e-07 7.26e-07	
20190518 000000 6.82e-07 7.799e-07 6.751e-07 7.558e-07	
20190517 000000 7.05e-07 7.23e-07 6.49e-07 6.81e-07	
20190516 000000 7.01e-07 7.7e-07 6.2e-07 7.02e-07	
20190515 000000 5.84e-07 7.423e-07 5.665e-07 6.951e-07	
20190514 000000 6.32e-07 6.377e-07 5.526e-07 5.84e-07	
20190513 000000 6.21e-07 6.99e-07 6.11e-07 6.31e-07	
