20190611 000000 4.212e-06 4.462e-06 4.1e-06 4.433e-06	
20190610 000000 4.246e-06 4.345e-06 4.0991e-06 4.212e-06	
20190609 000000 5.061e-06 5.0873e-06 4.217e-06 4.245e-06	
20190608 000000 3.9099e-06 5.2008e-06 3.843e-06 5.079e-06	
20190607 000000 3.728e-06 4.012e-06 3.7e-06 3.899e-06	
20190606 000000 3.721e-06 3.9643e-06 3.709e-06 3.744e-06	
20190605 000000 3.57e-06 4.128e-06 3.441e-06 3.713e-06	
20190604 000000 3.633e-06 3.6594e-06 3.39e-06 3.586e-06	
20190603 000000 4.2275e-06 4.2275e-06 3.515e-06 3.631e-06	
20190602 000000 3.631e-06 4.3666e-06 3.53e-06 4.2237e-06	
20190601 000000 3.71e-06 3.7279e-06 3.4681e-06 3.621e-06	
20190531 000000 3.472e-06 3.869e-06 3.3865e-06 3.722e-06	
20190530 000000 3.715e-06 3.8728e-06 3.476e-06 3.476e-06	
20190529 000000 3.955e-06 4.2092e-06 3.6301e-06 3.72e-06	
20190528 000000 3.316e-06 4.4815e-06 3.2589e-06 3.951e-06	
20190527 000000 3.931e-06 4.0685e-06 3.2558e-06 3.313e-06	
20190526 000000 3.946e-06 4.1435e-06 3.7082e-06 3.918e-06	
20190525 000000 3.8624e-06 4.483e-06 3.8026e-06 3.946e-06	
20190524 000000 5.091e-06 5.3719e-06 3.6587e-06 3.8626e-06	
20190523 000000 5.3597e-06 6.7007e-06 4.096e-06 5.0527e-06	
20190522 000000 2.521e-06 8.103e-06 2.516e-06 5.512e-06	
20190521 000000 2.512e-06 2.621e-06 2.344e-06 2.521e-06	
20190520 000000 2.463e-06 2.573e-06 2.2941e-06 2.518e-06	
20190519 000000 2.549e-06 2.6463e-06 2.377e-06 2.463e-06	
20190518 000000 2.585e-06 2.63e-06 2.48e-06 2.548e-06	
20190517 000000 2.506e-06 2.625e-06 2.2944e-06 2.53e-06	
20190516 000000 2.495e-06 2.654e-06 2.328e-06 2.506e-06	
20190515 000000 2.25e-06 2.538e-06 2.222e-06 2.494e-06	
20190514 000000 2.3e-06 2.4947e-06 2.0653e-06 2.258e-06	
20190513 000000 2.5209e-06 2.7e-06 2.237e-06 2.29e-06	
