20190611 000000 9.5e-07 9.7e-07 9.2e-07 9.3e-07	
20190610 000000 9.2e-07 9.8e-07 9.1e-07 9.5e-07	
20190609 000000 9.2e-07 9.4e-07 9e-07 9.2e-07	
20190608 000000 9.5e-07 9.7e-07 9.1e-07 9.2e-07	
20190607 000000 9.7e-07 9.9e-07 9.3e-07 9.4e-07	
20190606 000000 9.7e-07 1e-06 9.5e-07 9.8e-07	
20190605 000000 9.6e-07 1e-06 9.3e-07 9.7e-07	
20190604 000000 9e-07 9.9e-07 8.8e-07 9.7e-07	
20190603 000000 9.2e-07 9.2e-07 8.6e-07 8.9e-07	
20190602 000000 8.9e-07 1e-06 8.5e-07 9.1e-07	
20190601 000000 8.7e-07 9e-07 8.5e-07 8.8e-07	
20190531 000000 9e-07 9.3e-07 8.6e-07 8.8e-07	
20190530 000000 9.1e-07 9.5e-07 8.7e-07 9.1e-07	
20190529 000000 9.3e-07 9.6e-07 8.8e-07 9.1e-07	
20190528 000000 9.3e-07 1e-06 9e-07 9.3e-07	
20190527 000000 9.5e-07 1e-06 8.3e-07 9.3e-07	
20190526 000000 9e-07 9.6e-07 8.7e-07 9.6e-07	
20190525 000000 9.3e-07 1.01e-06 8.7e-07 9.1e-07	
20190524 000000 9.8e-07 1.06e-06 9.1e-07 9.3e-07	
20190523 000000 1.04e-06 1.07e-06 9e-07 9.9e-07	
20190522 000000 1.29e-06 1.45e-06 1e-06 1.04e-06	
20190521 000000 9.9e-07 1.31e-06 9.7e-07 1.29e-06	
20190520 000000 9.8e-07 1.02e-06 9e-07 9.9e-07	
20190519 000000 1.04e-06 1.12e-06 9.3e-07 9.8e-07	
20190518 000000 9.7e-07 1.06e-06 9.2e-07 1.04e-06	
20190517 000000 9.2e-07 1.02e-06 8.5e-07 9.7e-07	
20190516 000000 8.1e-07 9.9e-07 7.4e-07 9.2e-07	
20190515 000000 7.3e-07 8.6e-07 7.2e-07 8.2e-07	
20190514 000000 8e-07 8.1e-07 7.2e-07 7.4e-07	
20190513 000000 8.8e-07 8.9e-07 7.7e-07 8e-07	
