20190611 000000 1.217e-06 1.2465e-06 1.1606e-06 1.174e-06	
20190610 000000 1.3519e-06 1.3544e-06 1.1584e-06 1.2237e-06	
20190609 000000 1.273e-06 1.918e-06 1.2629e-06 1.3519e-06	
20190608 000000 1.111e-06 1.3259e-06 1.091e-06 1.28e-06	
20190607 000000 1.122e-06 1.2e-06 1.0756e-06 1.111e-06	
20190606 000000 1.011e-06 1.162e-06 9.897e-07 1.123e-06	
20190605 000000 1.011e-06 1.06e-06 9.769e-07 1.01e-06	
20190604 000000 1.058e-06 1.069e-06 9.729e-07 1.0153e-06	
20190603 000000 1.033e-06 1.113e-06 1.0102e-06 1.058e-06	
20190602 000000 1.061e-06 1.0943e-06 1.0065e-06 1.034e-06	
20190601 000000 1.055e-06 1.1199e-06 1.0104e-06 1.0548e-06	
20190531 000000 1.075e-06 1.1063e-06 1.0026e-06 1.056e-06	
20190530 000000 1.12e-06 1.1286e-06 1.0582e-06 1.078e-06	
20190529 000000 1.089e-06 1.16e-06 1.0625e-06 1.13e-06	
20190528 000000 1.0503e-06 1.1631e-06 1.0062e-06 1.09e-06	
20190527 000000 1.214e-06 1.2307e-06 9.8e-07 1.0582e-06	
20190526 000000 1.2156e-06 1.2163e-06 1.1631e-06 1.2111e-06	
20190525 000000 1.192e-06 1.5087e-06 1.1411e-06 1.2156e-06	
20190524 000000 1.253e-06 1.2591e-06 1.1814e-06 1.192e-06	
20190523 000000 1.205e-06 1.2565e-06 1.1688e-06 1.2543e-06	
20190522 000000 1.224e-06 1.296e-06 1.18e-06 1.205e-06	
20190521 000000 1.222e-06 1.468e-06 1.171e-06 1.225e-06	
20190520 000000 1.244e-06 1.2465e-06 1.1581e-06 1.224e-06	
20190519 000000 1.361e-06 1.4309e-06 1.1713e-06 1.2429e-06	
20190518 000000 1.368e-06 1.4222e-06 1.2834e-06 1.359e-06	
20190517 000000 1.315e-06 1.4344e-06 1.2376e-06 1.368e-06	
20190516 000000 1.2145e-06 1.35e-06 1.1301e-06 1.315e-06	
20190515 000000 1.166e-06 1.2465e-06 1.1501e-06 1.218e-06	
20190514 000000 1.222e-06 1.289e-06 1.1193e-06 1.167e-06	
20190513 000000 1.346e-06 1.6813e-06 1.2001e-06 1.2087e-06	
