20190611 000000 6.094e-07 6.998e-07 5.697e-07 6.008e-07	
20190610 000000 6.62e-07 6.64e-07 5.508e-07 6.094e-07	
20190609 000000 7e-07 8.852e-07 6.34e-07 6.64e-07	
20190608 000000 5.88e-07 7.118e-07 5.5e-07 7.003e-07	
20190607 000000 6.279e-07 6.281e-07 5.538e-07 5.88e-07	
20190606 000000 5.07e-07 6.562e-07 4.929e-07 6.28e-07	
20190605 000000 5.2e-07 5.5e-07 4.6e-07 5.08e-07	
20190604 000000 5.35e-07 5.56e-07 5.024e-07 5.19e-07	
20190603 000000 5.453e-07 6e-07 5.19e-07 5.34e-07	
20190602 000000 5.397e-07 5.517e-07 5.328e-07 5.453e-07	
20190601 000000 5.48e-07 5.75e-07 5.246e-07 5.47e-07	
20190531 000000 5.804e-07 5.93e-07 5.323e-07 5.47e-07	
20190530 000000 5.58e-07 6.076e-07 5.456e-07 5.804e-07	
20190529 000000 5.893e-07 6.2e-07 5.45e-07 5.55e-07	
20190528 000000 5.6e-07 6.28e-07 5.36e-07 5.893e-07	
20190527 000000 6.06e-07 6.299e-07 5.2e-07 5.61e-07	
20190526 000000 6.3e-07 6.381e-07 6e-07 6.06e-07	
20190525 000000 5.73e-07 6.39e-07 5.56e-07 6.27e-07	
20190524 000000 5.87e-07 5.993e-07 5.64e-07 5.75e-07	
20190523 000000 5.66e-07 7.2e-07 5.617e-07 5.87e-07	
20190522 000000 5.77e-07 5.979e-07 5.497e-07 5.69e-07	
20190521 000000 5.935e-07 5.978e-07 5.406e-07 5.77e-07	
20190520 000000 6.19e-07 6.424e-07 5.5e-07 5.92e-07	
20190519 000000 7.02e-07 7.581e-07 5.98e-07 6.258e-07	
20190518 000000 7.667e-07 7.721e-07 6.431e-07 7.01e-07	
20190517 000000 6.77e-07 7.883e-07 6.113e-07 7.67e-07	
20190516 000000 7.09e-07 7.498e-07 6.12e-07 6.76e-07	
20190515 000000 6.61e-07 7.235e-07 6.424e-07 7.08e-07	
20190514 000000 7.29e-07 7.7e-07 5.67e-07 6.512e-07	
20190513 000000 7.89e-07 8.367e-07 7.2e-07 7.31e-07	
