20190611 000000 4.34e-07 4.4e-07 4.224e-07 4.38e-07	
20190610 000000 4.47e-07 4.475e-07 4.2e-07 4.368e-07	
20190609 000000 4.83e-07 4.89e-07 4.3e-07 4.47e-07	
20190608 000000 4.43e-07 4.87e-07 4.21e-07 4.855e-07	
20190607 000000 4.506e-07 4.723e-07 4.301e-07 4.451e-07	
20190606 000000 4.35e-07 4.66e-07 4.2e-07 4.53e-07	
20190605 000000 4.489e-07 4.635e-07 4.25e-07 4.35e-07	
20190604 000000 4.38e-07 4.49e-07 4.074e-07 4.489e-07	
20190603 000000 4.28e-07 4.5e-07 4.213e-07 4.428e-07	
20190602 000000 4.34e-07 4.5e-07 4.169e-07 4.3e-07	
20190601 000000 4.36e-07 4.59e-07 4.164e-07 4.35e-07	
20190531 000000 4.66e-07 5.108e-07 4.2e-07 4.36e-07	
20190530 000000 5.048e-07 5.54e-07 4.553e-07 4.67e-07	
20190529 000000 4.83e-07 5.93e-07 4.649e-07 5.03e-07	
20190528 000000 4.02e-07 5.5e-07 3.801e-07 4.83e-07	
20190527 000000 4.51e-07 4.54e-07 3.96e-07 4.02e-07	
20190526 000000 4.57e-07 4.58e-07 4.37e-07 4.5e-07	
20190525 000000 4.45e-07 4.626e-07 4.402e-07 4.57e-07	
20190524 000000 4.561e-07 4.665e-07 4.32e-07 4.45e-07	
20190523 000000 4.65e-07 4.697e-07 4.321e-07 4.6e-07	
20190522 000000 4.77e-07 4.88e-07 4.428e-07 4.634e-07	
20190521 000000 4.51e-07 4.93e-07 4.41e-07 4.77e-07	
20190520 000000 4.75e-07 4.76e-07 4.4e-07 4.5e-07	
20190519 000000 5.06e-07 5.1e-07 4.56e-07 4.75e-07	
20190518 000000 5.4e-07 5.461e-07 4.764e-07 5.057e-07	
20190517 000000 4.898e-07 5.41e-07 4.409e-07 5.41e-07	
20190516 000000 4.904e-07 5.065e-07 4.602e-07 4.86e-07	
20190515 000000 4.713e-07 5.092e-07 4.461e-07 5e-07	
20190514 000000 4.775e-07 5.201e-07 4.301e-07 4.713e-07	
20190513 000000 4.587e-07 5.21e-07 4.4e-07 4.775e-07	
