20190611 000000 3.9534e-06 3.9695e-06 3.8307e-06 3.887e-06	
20190610 000000 3.9736e-06 4.0577e-06 3.8095e-06 3.9582e-06	
20190609 000000 4.084e-06 4.092e-06 3.9499e-06 3.973e-06	
20190608 000000 4.242e-06 4.2944e-06 4.053e-06 4.084e-06	
20190607 000000 4.205e-06 4.2428e-06 4.0943e-06 4.241e-06	
20190606 000000 4.3462e-06 4.4177e-06 4.1924e-06 4.2026e-06	
20190605 000000 4.4315e-06 4.6113e-06 4.2951e-06 4.3462e-06	
20190604 000000 4.3308e-06 4.6842e-06 3.998e-06 4.4254e-06	
20190603 000000 4.516e-06 4.5404e-06 4.2e-06 4.3308e-06	
20190602 000000 4.2452e-06 4.7e-06 4.2446e-06 4.514e-06	
20190601 000000 3.766e-06 4.32e-06 3.75e-06 4.243e-06	
20190531 000000 3.9673e-06 3.9864e-06 3.6653e-06 3.766e-06	
20190530 000000 3.9701e-06 4.1e-06 3.86e-06 3.9663e-06	
20190529 000000 3.9083e-06 4.0167e-06 3.7769e-06 3.968e-06	
20190528 000000 3.8877e-06 4.2233e-06 3.7978e-06 3.909e-06	
20190527 000000 3.746e-06 3.9949e-06 3.4588e-06 3.8882e-06	
20190526 000000 3.433e-06 3.8025e-06 3.397e-06 3.747e-06	
20190525 000000 3.456e-06 3.6045e-06 3.4288e-06 3.433e-06	
20190524 000000 3.448e-06 3.5394e-06 3.4e-06 3.4565e-06	
20190523 000000 3.54e-06 3.5637e-06 3.3691e-06 3.4492e-06	
20190522 000000 3.645e-06 3.6592e-06 3.4876e-06 3.54e-06	
20190521 000000 3.488e-06 3.774e-06 3.4769e-06 3.645e-06	
20190520 000000 3.5106e-06 3.548e-06 3.4256e-06 3.488e-06	
20190519 000000 3.657e-06 3.669e-06 3.4887e-06 3.5108e-06	
20190518 000000 3.5904e-06 3.7715e-06 3.5676e-06 3.658e-06	
20190517 000000 3.7725e-06 3.7906e-06 3.4298e-06 3.5904e-06	
20190516 000000 3.7747e-06 4.012e-06 3.4562e-06 3.7721e-06	
20190515 000000 3.31e-06 3.8386e-06 3.2553e-06 3.7724e-06	
20190514 000000 3.2e-06 3.4299e-06 3.0517e-06 3.3107e-06	
20190513 000000 3.4247e-06 3.51e-06 3.1602e-06 3.199e-06	
