20190611 000000 5.31e-08 5.63e-08 5.17e-08 5.5e-08	
20190610 000000 5.93e-08 5.94e-08 5.03e-08 5.31e-08	
20190609 000000 6.4e-08 6.53e-08 5.6e-08 5.94e-08	
20190608 000000 6.5e-08 6.58e-08 5.5e-08 6.4e-08	
20190607 000000 7.1e-08 7.19e-08 5.78e-08 6.5e-08	
20190606 000000 5.1e-08 7.27e-08 5e-08 7.1e-08	
20190605 000000 4.9e-08 5.16e-08 4.78e-08 5.1e-08	
20190604 000000 4.8e-08 5.19e-08 4.6e-08 4.9e-08	
20190603 000000 4.7e-08 5.27e-08 4.68e-08 4.8e-08	
20190602 000000 4.9e-08 4.91e-08 4.6e-08 4.7e-08	
20190601 000000 4.86e-08 5.4e-08 4.79e-08 4.9e-08	
20190531 000000 5.08e-08 5.56e-08 4.7e-08 4.87e-08	
20190530 000000 4.9e-08 5.3e-08 4.86e-08 5.08e-08	
20190529 000000 5.02e-08 5.02e-08 4.77e-08 4.9e-08	
20190528 000000 4.8e-08 5.19e-08 4.67e-08 5.02e-08	
20190527 000000 5.2e-08 5.27e-08 4.59e-08 4.7e-08	
20190526 000000 5.3e-08 5.44e-08 5.05e-08 5.2e-08	
20190525 000000 5.01e-08 6.4e-08 5.01e-08 5.3e-08	
20190524 000000 5.2e-08 5.4e-08 4.97e-08 5.07e-08	
20190523 000000 5.1e-08 5.53e-08 4.99e-08 5.2e-08	
20190522 000000 5.7e-08 5.81e-08 4.9e-08 5.1e-08	
20190521 000000 5.5e-08 5.84e-08 5.1e-08 5.7e-08	
20190520 000000 5.8e-08 6.18e-08 5e-08 5.4e-08	
20190519 000000 6.4e-08 6.6e-08 5.41e-08 5.9e-08	
20190518 000000 6.89e-08 6.89e-08 5.88e-08 6.41e-08	
20190517 000000 6e-08 7.18e-08 5.17e-08 6.99e-08	
20190516 000000 5.45e-08 6.12e-08 5e-08 6e-08	
20190515 000000 4.9e-08 5.68e-08 4.65e-08 5.4e-08	
20190514 000000 5.59e-08 5.6e-08 4.61e-08 4.9e-08	
20190513 000000 5.9e-08 5.98e-08 5.38e-08 5.5e-08	
