20190611 000000 1.934e-05 2e-05 1.918e-05 1.936e-05	
20190610 000000 1.996e-05 2.046e-05 1.886e-05 1.938e-05	
20190609 000000 2.127e-05 2.143e-05 1.976e-05 1.994e-05	
20190608 000000 2.23e-05 2.233e-05 2.1e-05 2.124e-05	
20190607 000000 2.219e-05 2.276e-05 2.169e-05 2.23e-05	
20190606 000000 2.23e-05 2.294e-05 2.216e-05 2.219e-05	
20190605 000000 2.437e-05 2.453e-05 2.222e-05 2.229e-05	
20190604 000000 2.494e-05 2.499e-05 2.335e-05 2.441e-05	
20190603 000000 2.355e-05 2.613e-05 2.225e-05 2.499e-05	
20190602 000000 2.448e-05 2.449e-05 2.305e-05 2.355e-05	
20190601 000000 2.339e-05 2.643e-05 2.141e-05 2.448e-05	
20190531 000000 2.173e-05 2.459e-05 2.103e-05 2.338e-05	
20190530 000000 1.992e-05 2.209e-05 1.92e-05 2.182e-05	
20190529 000000 1.888e-05 2.1e-05 1.719e-05 1.992e-05	
20190528 000000 1.673e-05 1.989e-05 1.605e-05 1.886e-05	
20190527 000000 1.906e-05 1.912e-05 1.553e-05 1.672e-05	
20190526 000000 1.732e-05 2.3e-05 1.73e-05 1.906e-05	
20190525 000000 1.615e-05 1.785e-05 1.557e-05 1.751e-05	
20190524 000000 1.81e-05 1.811e-05 1.566e-05 1.617e-05	
20190523 000000 2.53e-05 2.536e-05 1.765e-05 1.796e-05	
20190522 000000 2.65e-05 2.714e-05 2.513e-05 2.528e-05	
20190521 000000 2.611e-05 2.68e-05 2.56e-05 2.65e-05	
20190520 000000 2.692e-05 2.718e-05 2.411e-05 2.613e-05	
20190519 000000 2.825e-05 2.826e-05 2.545e-05 2.696e-05	
20190518 000000 2.823e-05 2.842e-05 2.672e-05 2.825e-05	
20190517 000000 2.784e-05 2.841e-05 2.66e-05 2.824e-05	
20190516 000000 2.687e-05 2.826e-05 2.576e-05 2.806e-05	
20190515 000000 2.59e-05 2.708e-05 2.58e-05 2.687e-05	
20190514 000000 2.859e-05 2.896e-05 2.576e-05 2.592e-05	
20190513 000000 3.047e-05 3.055e-05 2.8e-05 2.856e-05	
