20190611 000000 1.924e-06 2.1493e-06 1.9203e-06 2.075e-06	
20190610 000000 1.9567e-06 2.0442e-06 1.9126e-06 1.9261e-06	
20190609 000000 1.998e-06 2.044e-06 1.9248e-06 1.9563e-06	
20190608 000000 2.096e-06 2.1043e-06 1.913e-06 2.0032e-06	
20190607 000000 2.1879e-06 2.2038e-06 1.9834e-06 2.0966e-06	
20190606 000000 2.1354e-06 2.2149e-06 2.0964e-06 2.1876e-06	
20190605 000000 2.0597e-06 2.36e-06 2.044e-06 2.1354e-06	
20190604 000000 2.0308e-06 2.1456e-06 2.02e-06 2.061e-06	
20190603 000000 2.094e-06 2.1039e-06 2.0002e-06 2.0301e-06	
20190602 000000 2.09e-06 2.327e-06 2.0752e-06 2.1022e-06	
20190601 000000 2.006e-06 2.1e-06 1.9474e-06 2.0877e-06	
20190531 000000 1.7815e-06 2.08e-06 1.666e-06 2.0062e-06	
20190530 000000 1.7395e-06 2.018e-06 1.7e-06 1.7815e-06	
20190529 000000 1.7859e-06 1.8196e-06 1.7158e-06 1.7399e-06	
20190528 000000 1.8114e-06 1.83e-06 1.7812e-06 1.785e-06	
20190527 000000 1.75e-06 2e-06 1.6704e-06 1.81e-06	
20190526 000000 1.7687e-06 1.887e-06 1.7416e-06 1.75e-06	
20190525 000000 1.7496e-06 2.0752e-06 1.7e-06 1.7686e-06	
20190524 000000 1.7997e-06 1.8403e-06 1.7245e-06 1.7497e-06	
20190523 000000 1.759e-06 2.13e-06 1.551e-06 1.7998e-06	
20190522 000000 1.8414e-06 1.85e-06 1.7525e-06 1.759e-06	
20190521 000000 1.9201e-06 1.922e-06 1.8021e-06 1.841e-06	
20190520 000000 1.8734e-06 2.0137e-06 1.7052e-06 1.9206e-06	
20190519 000000 1.9388e-06 2.1855e-06 1.7e-06 1.8734e-06	
20190518 000000 1.8734e-06 1.9688e-06 1.832e-06 1.9386e-06	
20190517 000000 1.9217e-06 1.9389e-06 1.7e-06 1.8732e-06	
20190516 000000 2.0639e-06 2.064e-06 1.8666e-06 1.9216e-06	
20190515 000000 2.1431e-06 2.1954e-06 2e-06 2.063e-06	
20190514 000000 2.3375e-06 2.3888e-06 2.1e-06 2.1428e-06	
20190513 000000 2.4878e-06 2.5001e-06 2.08e-06 2.3376e-06	
