20190611 000000 7.76e-06 7.82e-06 7.42e-06 7.45e-06	
20190610 000000 8.05e-06 8.16e-06 7.67e-06 7.76e-06	
20190609 000000 7.9e-06 8.08e-06 7.85e-06 8.05e-06	
20190608 000000 8.5e-06 8.51e-06 7.76e-06 7.9e-06	
20190607 000000 9.49e-06 9.49e-06 8.08e-06 8.5e-06	
20190606 000000 1.043e-05 1.046e-05 9.48e-06 9.49e-06	
20190605 000000 1.036e-05 1.093e-05 1.008e-05 1.043e-05	
20190604 000000 1.013e-05 1.036e-05 9.79e-06 1.036e-05	
20190603 000000 9.92e-06 1.123e-05 9.89e-06 1.013e-05	
20190602 000000 9.32e-06 1.01e-05 9.3e-06 9.92e-06	
20190601 000000 9.05e-06 9.42e-06 9e-06 9.31e-06	
20190531 000000 9.12e-06 9.16e-06 8.55e-06 9.05e-06	
20190530 000000 8.95e-06 9.2e-06 8.81e-06 9.09e-06	
20190529 000000 8.94e-06 9.07e-06 8.75e-06 8.95e-06	
20190528 000000 8.83e-06 9e-06 8.66e-06 8.94e-06	
20190527 000000 8.73e-06 8.95e-06 8.59e-06 8.83e-06	
20190526 000000 8.74e-06 9.1e-06 8.59e-06 8.74e-06	
20190525 000000 8.82e-06 8.93e-06 8.5e-06 8.73e-06	
20190524 000000 8.82e-06 9.16e-06 8.69e-06 8.82e-06	
20190523 000000 8.68e-06 9.01e-06 8.48e-06 8.81e-06	
20190522 000000 8.68e-06 9.07e-06 8.6e-06 8.68e-06	
20190521 000000 8.4e-06 9.16e-06 8.33e-06 8.66e-06	
20190520 000000 8.29e-06 8.53e-06 8.2e-06 8.4e-06	
20190519 000000 8.84e-06 8.88e-06 8.19e-06 8.28e-06	
20190518 000000 8.37e-06 8.88e-06 8.21e-06 8.83e-06	
20190517 000000 8.44e-06 9.09e-06 8.11e-06 8.37e-06	
20190516 000000 7.79e-06 8.46e-06 7.52e-06 8.43e-06	
20190515 000000 8.17e-06 8.36e-06 7.44e-06 7.79e-06	
20190514 000000 8.07e-06 8.64e-06 7.58e-06 8.17e-06	
20190513 000000 6.9e-06 8.18e-06 6.86e-06 8.03e-06	
