20190611 000000 1.77e-07 1.98e-07 1.674e-07 1.76e-07	
20190610 000000 2.139e-07 2.45e-07 1.64e-07 1.779e-07	
20190609 000000 2.305e-07 3e-07 1.82e-07 2.16e-07	
20190608 000000 2.372e-07 2.91e-07 2.112e-07 2.29e-07	
20190607 000000 2.174e-07 2.8e-07 1.95e-07 2.372e-07	
20190606 000000 1.42e-07 2.228e-07 1.391e-07 2.174e-07	
20190605 000000 1.157e-07 1.521e-07 1.061e-07 1.42e-07	
20190604 000000 1.14e-07 1.333e-07 1e-07 1.15e-07	
20190603 000000 8.4e-08 1.216e-07 7.98e-08 1.13e-07	
20190602 000000 8.7e-08 9.16e-08 8.36e-08 8.4e-08	
20190601 000000 8.8e-08 9.18e-08 8.54e-08 8.7e-08	
20190531 000000 8.5e-08 9.24e-08 8.23e-08 8.8e-08	
20190530 000000 8.3e-08 9e-08 7.88e-08 8.47e-08	
20190529 000000 8.7e-08 8.95e-08 8.17e-08 8.2e-08	
20190528 000000 8.7e-08 9.12e-08 8.32e-08 8.7e-08	
20190527 000000 8.5e-08 9.22e-08 7.92e-08 8.7e-08	
20190526 000000 7.79e-08 8.55e-08 7.73e-08 8.5e-08	
20190525 000000 7.76e-08 8.04e-08 7.59e-08 7.79e-08	
20190524 000000 7.65e-08 8.33e-08 7.5e-08 7.77e-08	
20190523 000000 7.74e-08 7.76e-08 7.44e-08 7.6e-08	
20190522 000000 7.99e-08 8.3e-08 7.67e-08 7.71e-08	
20190521 000000 7.75e-08 8.3e-08 7.6e-08 8e-08	
20190520 000000 8.29e-08 1.02e-07 7.31e-08 7.76e-08	
20190519 000000 8.06e-08 9.05e-08 7.7e-08 8.29e-08	
20190518 000000 8.7e-08 8.91e-08 7.85e-08 8.04e-08	
20190517 000000 8.32e-08 8.95e-08 7.6e-08 8.7e-08	
20190516 000000 7.9e-08 8.5e-08 7.85e-08 8.33e-08	
20190515 000000 7.3e-08 8.1e-08 7.13e-08 7.9e-08	
20190514 000000 7.4e-08 7.4e-08 6.4e-08 7.3e-08	
20190513 000000 7.4e-08 8.98e-08 7.13e-08 7.3e-08	
