20190611 000000 9.62e-07 9.75e-07 9.316e-07 9.51e-07	
20190610 000000 9.46e-07 9.94e-07 8.6e-07 9.63e-07	
20190609 000000 9.64e-07 9.726e-07 9.413e-07 9.46e-07	
20190608 000000 9.62e-07 9.835e-07 9.46e-07 9.63e-07	
20190607 000000 1.008e-06 1.015e-06 9.468e-07 9.64e-07	
20190606 000000 9.75e-07 1.031e-06 9.74e-07 1.005e-06	
20190605 000000 9.47e-07 1.0276e-06 9.21e-07 9.75e-07	
20190604 000000 8.81e-07 9.55e-07 8.706e-07 9.49e-07	
20190603 000000 8.92e-07 9.02e-07 8.684e-07 8.832e-07	
20190602 000000 8.68e-07 8.987e-07 8.635e-07 8.93e-07	
20190601 000000 8.82e-07 9.07e-07 8.65e-07 8.68e-07	
20190531 000000 9.13e-07 9.385e-07 8.69e-07 8.82e-07	
20190530 000000 8.84e-07 9.734e-07 8.806e-07 9.15e-07	
20190529 000000 9.03e-07 9.201e-07 8.788e-07 8.84e-07	
20190528 000000 8.55e-07 9.328e-07 8.47e-07 9.03e-07	
20190527 000000 9.05e-07 9.1e-07 8.409e-07 8.55e-07	
20190526 000000 9.24e-07 9.27e-07 9.004e-07 9.05e-07	
20190525 000000 9.18e-07 9.424e-07 9.036e-07 9.24e-07	
20190524 000000 9.51e-07 9.599e-07 9.135e-07 9.2e-07	
20190523 000000 9.62e-07 9.64e-07 9.234e-07 9.51e-07	
20190522 000000 9.81e-07 9.88e-07 9.256e-07 9.62e-07	
20190521 000000 9.82e-07 1.0152e-06 9.634e-07 9.83e-07	
20190520 000000 9.834e-07 1.005e-06 9.605e-07 9.82e-07	
20190519 000000 1.038e-06 1.104e-06 9.779e-07 9.834e-07	
20190518 000000 1.018e-06 1.0655e-06 9.92e-07 1.038e-06	
20190517 000000 1.002e-06 1.041e-06 9.55e-07 1.015e-06	
20190516 000000 9.76e-07 1.071e-06 9.153e-07 1.0012e-06	
20190515 000000 8.52e-07 9.999e-07 8.46e-07 9.76e-07	
20190514 000000 8.23e-07 8.626e-07 7.981e-07 8.48e-07	
20190513 000000 8.67e-07 9.122e-07 8.23e-07 8.23e-07	
