20190611 000000 5.672e-05 6.267e-05 5.647e-05 5.691e-05	
20190610 000000 5.751e-05 5.791e-05 5.52e-05 5.672e-05	
20190609 000000 5.816e-05 5.986e-05 5.68e-05 5.751e-05	
20190608 000000 5.887e-05 6.274e-05 5.715e-05 5.808e-05	
20190607 000000 5.466e-05 6.03e-05 5.4e-05 5.899e-05	
20190606 000000 5.598e-05 5.662e-05 5.432e-05 5.475e-05	
20190605 000000 5.719e-05 6.35e-05 5.32e-05 5.593e-05	
20190604 000000 5.43e-05 6.415e-05 5.245e-05 5.716e-05	
20190603 000000 5.863e-05 6.158e-05 5.298e-05 5.434e-05	
20190602 000000 4.743e-05 6.6e-05 4.679e-05 5.886e-05	
20190601 000000 4.804e-05 4.958e-05 4.736e-05 4.747e-05	
20190531 000000 4.905e-05 5.094e-05 4.762e-05 4.804e-05	
20190530 000000 4.913e-05 5.239e-05 4.8e-05 4.929e-05	
20190529 000000 4.764e-05 4.914e-05 4.684e-05 4.88e-05	
20190528 000000 4.604e-05 4.78e-05 4.537e-05 4.762e-05	
20190527 000000 5.157e-05 5.216e-05 4.428e-05 4.607e-05	
20190526 000000 5.052e-05 5.314e-05 4.999e-05 5.157e-05	
20190525 000000 5.318e-05 5.355e-05 4.97e-05 5.053e-05	
20190524 000000 5.611e-05 6.2e-05 5.269e-05 5.332e-05	
20190523 000000 5.118e-05 5.747e-05 5.016e-05 5.611e-05	
20190522 000000 4.872e-05 5.345e-05 4.84e-05 5.122e-05	
20190521 000000 4.904e-05 5.027e-05 4.665e-05 4.872e-05	
20190520 000000 5.228e-05 5.316e-05 4.816e-05 4.906e-05	
20190519 000000 5.41e-05 5.728e-05 5.062e-05 5.222e-05	
20190518 000000 5.271e-05 5.584e-05 5.189e-05 5.414e-05	
20190517 000000 5.194e-05 5.407e-05 4.978e-05 5.275e-05	
20190516 000000 5.143e-05 5.5e-05 4.904e-05 5.192e-05	
20190515 000000 4.436e-05 5.282e-05 4.436e-05 5.167e-05	
20190514 000000 4.929e-05 4.99e-05 4.377e-05 4.462e-05	
20190513 000000 5.124e-05 5.32e-05 4.845e-05 4.921e-05	
