20190611 000000 0.000297 0.000304 0.000296 0.0003	
20190610 000000 0.000298 0.000302 0.000293 0.000297	
20190609 000000 0.000298 0.000307 0.000295 0.000297	
20190608 000000 0.0003 0.000304 0.000292 0.000298	
20190607 000000 0.000294 0.000305 0.000292 0.000301	
20190606 000000 0.000297 0.000299 0.000292 0.000294	
20190605 000000 0.000297 0.000305 0.000293 0.000297	
20190604 000000 0.000302 0.000304 0.000295 0.000298	
20190603 000000 0.000299 0.000306 0.000292 0.000301	
20190602 000000 0.000307 0.000312 0.000299 0.0003	
20190601 000000 0.000302 0.00031 0.0003 0.000306	
20190531 000000 0.000302 0.000311 0.000299 0.000302	
20190530 000000 0.000313 0.000317 0.000301 0.000302	
20190529 000000 0.000315 0.000321 0.000311 0.000313	
20190528 000000 0.000309 0.000329 0.000307 0.000315	
20190527 000000 0.000331 0.000333 0.000305 0.000308	
20190526 000000 0.000337 0.000342 0.000327 0.00033	
20190525 000000 0.00035 0.00035 0.000327 0.000336	
20190524 000000 0.000326 0.000449 0.00032 0.00035	
20190523 000000 0.000309 0.000339 0.000304 0.000326	
20190522 000000 0.000311 0.000324 0.000305 0.00031	
20190521 000000 0.000307 0.000324 0.0003 0.00031	
20190520 000000 0.000311 0.000317 0.000303 0.000308	
20190519 000000 0.000322 0.000333 0.000302 0.000311	
20190518 000000 0.000333 0.000335 0.000315 0.000322	
20190517 000000 0.000328 0.000334 0.000305 0.000332	
20190516 000000 0.000329 0.000339 0.000309 0.000327	
20190515 000000 0.000293 0.000337 0.000291 0.000329	
20190514 000000 0.000309 0.000313 0.000289 0.000293	
20190513 000000 0.000339 0.000349 0.000299 0.000309	
