20190611 000000 1.225e-05 1.255e-05 1.188e-05 1.247e-05	
20190610 000000 1.193e-05 1.288e-05 1.167e-05 1.224e-05	
20190609 000000 1.335e-05 1.399e-05 1.16e-05 1.195e-05	
20190608 000000 9.62e-06 1.68e-05 9.5e-06 1.335e-05	
20190607 000000 9.36e-06 1.034e-05 9.25e-06 9.62e-06	
20190606 000000 9.31e-06 9.53e-06 9.27e-06 9.33e-06	
20190605 000000 9.2e-06 9.55e-06 9.11e-06 9.32e-06	
20190604 000000 9.12e-06 9.34e-06 9.05e-06 9.21e-06	
20190603 000000 9.25e-06 9.45e-06 9.04e-06 9.12e-06	
20190602 000000 8.89e-06 9.95e-06 8.85e-06 9.25e-06	
20190601 000000 8.95e-06 9.11e-06 8.75e-06 8.89e-06	
20190531 000000 9.31e-06 9.32e-06 8.79e-06 9e-06	
20190530 000000 8.88e-06 9.75e-06 8.87e-06 9.32e-06	
20190529 000000 8.94e-06 9.3e-06 8.7e-06 8.89e-06	
20190528 000000 8.85e-06 9.59e-06 8.62e-06 8.93e-06	
20190527 000000 9.33e-06 9.42e-06 8.56e-06 8.86e-06	
20190526 000000 9.57e-06 1.02e-05 9.18e-06 9.33e-06	
20190525 000000 9.34e-06 1.156e-05 9.13e-06 9.56e-06	
20190524 000000 9.03e-06 9.56e-06 8.8e-06 9.36e-06	
20190523 000000 9.26e-06 9.66e-06 8.82e-06 9.02e-06	
20190522 000000 8.86e-06 9.54e-06 8.82e-06 9.26e-06	
20190521 000000 8.63e-06 9.5e-06 8.5e-06 8.88e-06	
20190520 000000 8.84e-06 9.46e-06 8.53e-06 8.65e-06	
20190519 000000 9.57e-06 9.61e-06 8.74e-06 8.79e-06	
20190518 000000 9.29e-06 1.087e-05 9.2e-06 9.48e-06	
20190517 000000 9.42e-06 9.6e-06 8.53e-06 9.29e-06	
20190516 000000 8.63e-06 1.15e-05 8.57e-06 9.41e-06	
20190515 000000 8.08e-06 8.83e-06 7.91e-06 8.63e-06	
20190514 000000 8.04e-06 8.27e-06 7.55e-06 8.07e-06	
20190513 000000 9.34e-06 1.007e-05 8e-06 8.04e-06	
