20190611 000000 3.234e-05 3.284e-05 3.121e-05 3.263e-05	
20190610 000000 3.22e-05 3.57e-05 3.119e-05 3.234e-05	
20190609 000000 3.163e-05 3.323e-05 3.128e-05 3.217e-05	
20190608 000000 3.213e-05 3.252e-05 3.133e-05 3.16e-05	
20190607 000000 3.231e-05 3.248e-05 3.177e-05 3.213e-05	
20190606 000000 3.227e-05 3.341e-05 3.147e-05 3.23e-05	
20190605 000000 3.305e-05 3.463e-05 3.084e-05 3.227e-05	
20190604 000000 3.21e-05 3.574e-05 3.023e-05 3.307e-05	
20190603 000000 3.324e-05 3.378e-05 3.152e-05 3.196e-05	
20190602 000000 3.386e-05 3.434e-05 3.283e-05 3.329e-05	
20190601 000000 3.534e-05 3.62e-05 3.382e-05 3.389e-05	
20190531 000000 3.545e-05 3.58e-05 3.253e-05 3.558e-05	
20190530 000000 3.112e-05 3.678e-05 3.065e-05 3.533e-05	
20190529 000000 3.148e-05 3.15e-05 2.888e-05 3.114e-05	
20190528 000000 2.817e-05 3.168e-05 2.651e-05 3.142e-05	
20190527 000000 2.948e-05 3.135e-05 2.724e-05 2.811e-05	
20190526 000000 2.923e-05 3.041e-05 2.892e-05 2.951e-05	
20190525 000000 2.94e-05 3.001e-05 2.882e-05 2.924e-05	
20190524 000000 2.921e-05 3.079e-05 2.89e-05 2.937e-05	
20190523 000000 3.071e-05 3.129e-05 2.867e-05 2.941e-05	
20190522 000000 3.139e-05 3.167e-05 2.944e-05 3.07e-05	
20190521 000000 3.144e-05 3.186e-05 3.073e-05 3.136e-05	
20190520 000000 3.212e-05 3.229e-05 3.062e-05 3.142e-05	
20190519 000000 3.341e-05 3.416e-05 3.124e-05 3.206e-05	
20190518 000000 3.39e-05 3.499e-05 3.29e-05 3.348e-05	
20190517 000000 3.4e-05 3.509e-05 3.145e-05 3.389e-05	
20190516 000000 3.466e-05 3.731e-05 3.191e-05 3.408e-05	
20190515 000000 3.145e-05 3.49e-05 3.138e-05 3.469e-05	
20190514 000000 3.214e-05 3.278e-05 3.025e-05 3.14e-05	
20190513 000000 3.42e-05 3.478e-05 3.091e-05 3.214e-05	
