20190611 000000 0.00027577 0.00028062 0.000272 0.00028014	
20190610 000000 0.00027019 0.00028697 0.0002654 0.00027583	
20190609 000000 0.00026628 0.00027345 0.00026212 0.00027023	
20190608 000000 0.00026626 0.00027059 0.00025898 0.00026628	
20190607 000000 0.00025965 0.00027306 0.00025496 0.00026626	
20190606 000000 0.000253 0.00026921 0.00025078 0.00026063	
20190605 000000 0.00026245 0.00026249 0.00024912 0.00025372	
20190604 000000 0.00025467 0.00026515 0.00025065 0.00026247	
20190603 000000 0.00025733 0.00027846 0.00024916 0.00025467	
20190602 000000 0.00026629 0.00026808 0.00025465 0.00025826	
20190601 000000 0.00027542 0.00028077 0.00026275 0.00026629	
20190531 000000 0.00029908 0.00033 0.00027376 0.00027495	
20190530 000000 0.000282 0.0003846 0.00027751 0.00029647	
20190529 000000 0.00026579 0.0002918 0.00025669 0.00027932	
20190528 000000 0.00025867 0.00027517 0.00025711 0.00026549	
20190527 000000 0.00028258 0.0002882 0.00025017 0.00025843	
20190526 000000 0.00027699 0.00028264 0.00027177 0.00028256	
20190525 000000 0.00027131 0.00028606 0.0002697 0.00027706	
20190524 000000 0.00028353 0.000292 0.00026845 0.00027196	
20190523 000000 0.00029172 0.00029754 0.00027716 0.00028359	
20190522 000000 0.00027574 0.00029896 0.00027503 0.00029125	
20190521 000000 0.00028427 0.00028563 0.00027027 0.00027701	
20190520 000000 0.0002765 0.00028682 0.00026637 0.0002847	
20190519 000000 0.00030292 0.00030414 0.00027601 0.00027673	
20190518 000000 0.00030812 0.00031321 0.00029303 0.00030334	
20190517 000000 0.0002884 0.00031 0.00027288 0.00030694	
20190516 000000 0.00028757 0.00031415 0.00027981 0.00028998	
20190515 000000 0.00026449 0.0002956 0.00025691 0.00028662	
20190514 000000 0.00028603 0.00029635 0.00026368 0.00026433	
20190513 000000 0.00027549 0.000375 0.00026908 0.00028601	
