20190611 000000 1.059e-05 1.078e-05 1.046e-05 1.051e-05	
20190610 000000 1.062e-05 1.091e-05 1.044e-05 1.059e-05	
20190609 000000 1.076e-05 1.086e-05 1.057e-05 1.062e-05	
20190608 000000 1.084e-05 1.11e-05 1.07e-05 1.076e-05	
20190607 000000 1.054e-05 1.112e-05 1.047e-05 1.085e-05	
20190606 000000 1.053e-05 1.088e-05 1.046e-05 1.052e-05	
20190605 000000 1.072e-05 1.093e-05 1.044e-05 1.052e-05	
20190604 000000 1.07e-05 1.117e-05 1.044e-05 1.072e-05	
20190603 000000 1.087e-05 1.135e-05 1.066e-05 1.07e-05	
20190602 000000 1.107e-05 1.116e-05 1.083e-05 1.084e-05	
20190601 000000 1.104e-05 1.146e-05 1.085e-05 1.105e-05	
20190531 000000 1.105e-05 1.257e-05 1.046e-05 1.106e-05	
20190530 000000 1.035e-05 1.17e-05 1.03e-05 1.105e-05	
20190529 000000 1.027e-05 1.062e-05 1.007e-05 1.035e-05	
20190528 000000 1.033e-05 1.053e-05 1.01e-05 1.027e-05	
20190527 000000 1.013e-05 1.073e-05 9.82e-06 1.035e-05	
20190526 000000 1.039e-05 1.041e-05 1.001e-05 1.013e-05	
20190525 000000 1.053e-05 1.082e-05 1.034e-05 1.039e-05	
20190524 000000 1.013e-05 1.1e-05 1e-05 1.052e-05	
20190523 000000 1.059e-05 1.061e-05 9.78e-06 1.013e-05	
20190522 000000 1.116e-05 1.121e-05 1.042e-05 1.06e-05	
20190521 000000 1.121e-05 1.141e-05 1.078e-05 1.117e-05	
20190520 000000 1.154e-05 1.164e-05 1.106e-05 1.122e-05	
20190519 000000 1.21e-05 1.215e-05 1.147e-05 1.154e-05	
20190518 000000 1.179e-05 1.256e-05 1.175e-05 1.21e-05	
20190517 000000 1.287e-05 1.288e-05 1.11e-05 1.182e-05	
20190516 000000 8.83e-06 1.5e-05 8.78e-06 1.287e-05	
20190515 000000 7.83e-06 8.94e-06 7.81e-06 8.84e-06	
20190514 000000 7.6e-06 8.54e-06 7.27e-06 7.83e-06	
20190513 000000 8.01e-06 8.1e-06 7.61e-06 7.63e-06	
