20190611 000000 1.551e-05 1.555e-05 1.53e-05 1.537e-05	
20190610 000000 1.57e-05 1.575e-05 1.535e-05 1.55e-05	
20190609 000000 1.584e-05 1.585e-05 1.559e-05 1.569e-05	
20190608 000000 1.624e-05 1.627e-05 1.579e-05 1.585e-05	
20190607 000000 1.576e-05 1.625e-05 1.569e-05 1.624e-05	
20190606 000000 1.567e-05 1.583e-05 1.552e-05 1.574e-05	
20190605 000000 1.574e-05 1.602e-05 1.554e-05 1.567e-05	
20190604 000000 1.562e-05 1.59e-05 1.548e-05 1.573e-05	
20190603 000000 1.578e-05 1.614e-05 1.546e-05 1.56e-05	
20190602 000000 1.529e-05 1.58e-05 1.52e-05 1.578e-05	
20190601 000000 1.539e-05 1.573e-05 1.517e-05 1.529e-05	
20190531 000000 1.597e-05 1.61e-05 1.52e-05 1.542e-05	
20190530 000000 1.578e-05 1.65e-05 1.557e-05 1.603e-05	
20190529 000000 1.56e-05 1.623e-05 1.545e-05 1.578e-05	
20190528 000000 1.572e-05 1.621e-05 1.535e-05 1.56e-05	
20190527 000000 1.54e-05 1.576e-05 1.492e-05 1.572e-05	
20190526 000000 1.561e-05 1.567e-05 1.534e-05 1.539e-05	
20190525 000000 1.589e-05 1.603e-05 1.555e-05 1.565e-05	
20190524 000000 1.592e-05 1.611e-05 1.551e-05 1.586e-05	
20190523 000000 1.647e-05 1.652e-05 1.561e-05 1.594e-05	
20190522 000000 1.684e-05 1.721e-05 1.638e-05 1.647e-05	
20190521 000000 1.701e-05 1.723e-05 1.673e-05 1.685e-05	
20190520 000000 1.762e-05 1.782e-05 1.693e-05 1.702e-05	
20190519 000000 1.82e-05 1.824e-05 1.728e-05 1.76e-05	
20190518 000000 1.702e-05 1.916e-05 1.687e-05 1.82e-05	
20190517 000000 1.892e-05 1.909e-05 1.643e-05 1.703e-05	
20190516 000000 1.555e-05 1.96e-05 1.522e-05 1.894e-05	
20190515 000000 1.397e-05 1.558e-05 1.38e-05 1.557e-05	
20190514 000000 1.315e-05 1.45e-05 1.247e-05 1.397e-05	
20190513 000000 1.4e-05 1.448e-05 1.29e-05 1.315e-05	
