20190611 000000 0.010874 0.011111 0.010837 0.011071	
20190610 000000 0.010933 0.011014 0.010841 0.010872	
20190609 000000 0.011034 0.0112 0.010923 0.010929	
20190608 000000 0.011106 0.01115 0.010966 0.011028	
20190607 000000 0.011092 0.011193 0.010893 0.011105	
20190606 000000 0.01093 0.0111 0.010867 0.011088	
20190605 000000 0.010973 0.011061 0.01078 0.010926	
20190604 000000 0.011014 0.011071 0.010836 0.010974	
20190603 000000 0.01105 0.011067 0.010825 0.011014	
20190602 000000 0.010805 0.011071 0.010776 0.011045	
20190601 000000 0.010935 0.011046 0.010777 0.0108	
20190531 000000 0.010948 0.0112 0.010848 0.010935	
20190530 000000 0.01098 0.011192 0.010821 0.010951	
20190529 000000 0.011104 0.011108 0.010648 0.010979	
20190528 000000 0.010898 0.011247 0.010885 0.011104	
20190527 000000 0.010841 0.0109 0.010406 0.010898	
20190526 000000 0.010738 0.010949 0.0107 0.010832	
20190525 000000 0.010696 0.010815 0.010678 0.010738	
20190524 000000 0.010863 0.010873 0.010676 0.010691	
20190523 000000 0.011349 0.011358 0.010755 0.010857	
20190522 000000 0.011135 0.011618 0.011096 0.011345	
20190521 000000 0.011124 0.0117 0.010873 0.011139	
20190520 000000 0.010855 0.011225 0.01084 0.011132	
20190519 000000 0.011038 0.011073 0.010805 0.010855	
20190518 000000 0.01117 0.011295 0.010985 0.011041	
20190517 000000 0.011437 0.011474 0.01071 0.011173	
20190516 000000 0.01145 0.011744 0.01088 0.011441	
20190515 000000 0.010372 0.01146 0.010321 0.01146	
20190514 000000 0.010348 0.010517 0.010089 0.010377	
20190513 000000 0.010677 0.011 0.010329 0.01036	
