20190611 000000 4e-08 4e-08 3.8e-08 3.89e-08	
20190610 000000 3.9e-08 4.06e-08 3.68e-08 4e-08	
20190609 000000 4.3e-08 4.33e-08 3.8e-08 3.9e-08	
20190608 000000 4.14e-08 4.54e-08 4.14e-08 4.3e-08	
20190607 000000 4.17e-08 4.52e-08 4.07e-08 4.14e-08	
20190606 000000 3.72e-08 4.28e-08 3.68e-08 4.17e-08	
20190605 000000 3.7e-08 4e-08 3.34e-08 3.7e-08	
20190604 000000 3.78e-08 4.18e-08 3.7e-08 3.7e-08	
20190603 000000 3.73e-08 4.16e-08 3.63e-08 3.8e-08	
20190602 000000 3.8e-08 3.85e-08 3.63e-08 3.73e-08	
20190601 000000 3.9e-08 3.91e-08 3.71e-08 3.8e-08	
20190531 000000 4.1e-08 4.26e-08 3.38e-08 3.9e-08	
20190530 000000 3.97e-08 4.35e-08 3.78e-08 4.1e-08	
20190529 000000 4e-08 4.1e-08 3.76e-08 3.96e-08	
20190528 000000 3.7e-08 4.14e-08 3.69e-08 4e-08	
20190527 000000 3.92e-08 4.06e-08 3.55e-08 3.7e-08	
20190526 000000 4.1e-08 4.33e-08 3.38e-08 3.92e-08	
20190525 000000 4.01e-08 4.16e-08 3.9e-08 4.1e-08	
20190524 000000 4.09e-08 4.4e-08 3.92e-08 4.01e-08	
20190523 000000 4.2e-08 4.39e-08 3.9e-08 4.09e-08	
20190522 000000 4.23e-08 4.3e-08 3.99e-08 4.2e-08	
20190521 000000 4.12e-08 4.37e-08 3.97e-08 4.23e-08	
20190520 000000 4.5e-08 4.65e-08 3.88e-08 4.12e-08	
20190519 000000 4.9e-08 5e-08 4.49e-08 4.5e-08	
20190518 000000 5.23e-08 5.23e-08 4.7e-08 4.9e-08	
20190517 000000 5e-08 5.39e-08 4.51e-08 5.23e-08	
20190516 000000 4.41e-08 5.18e-08 4.11e-08 5.08e-08	
20190515 000000 4.11e-08 4.53e-08 3.85e-08 4.41e-08	
20190514 000000 4.31e-08 4.6e-08 4e-08 4.11e-08	
20190513 000000 4.54e-08 4.73e-08 4.2e-08 4.31e-08	
