20190611 000000 5.041e-05 5.072e-05 4.922e-05 4.997e-05	
20190610 000000 5.112e-05 5.115e-05 4.818e-05 5.038e-05	
20190609 000000 5.204e-05 5.217e-05 5.085e-05 5.112e-05	
20190608 000000 5.366e-05 5.386e-05 5.162e-05 5.202e-05	
20190607 000000 5.289e-05 5.526e-05 5.243e-05 5.364e-05	
20190606 000000 5.11e-05 5.289e-05 5.098e-05 5.288e-05	
20190605 000000 5.188e-05 5.197e-05 5.074e-05 5.111e-05	
20190604 000000 5.198e-05 5.25e-05 5.034e-05 5.188e-05	
20190603 000000 5.045e-05 5.35e-05 5.04e-05 5.198e-05	
20190602 000000 5.018e-05 5.096e-05 4.981e-05 5.044e-05	
20190601 000000 5.043e-05 5.152e-05 4.939e-05 5.017e-05	
20190531 000000 5.266e-05 5.266e-05 4.95e-05 5.042e-05	
20190530 000000 5.162e-05 5.397e-05 5.063e-05 5.262e-05	
20190529 000000 5.107e-05 5.326e-05 4.968e-05 5.158e-05	
20190528 000000 4.803e-05 5.11e-05 4.785e-05 5.105e-05	
20190527 000000 4.777e-05 4.854e-05 4.604e-05 4.806e-05	
20190526 000000 4.8e-05 4.815e-05 4.751e-05 4.776e-05	
20190525 000000 4.834e-05 4.87e-05 4.784e-05 4.8e-05	
20190524 000000 4.826e-05 4.912e-05 4.765e-05 4.836e-05	
20190523 000000 4.952e-05 4.958e-05 4.78e-05 4.822e-05	
20190522 000000 5.004e-05 5.147e-05 4.93e-05 4.951e-05	
20190521 000000 5.012e-05 5.126e-05 4.923e-05 5.001e-05	
20190520 000000 5.123e-05 5.285e-05 4.975e-05 5.013e-05	
20190519 000000 5.114e-05 5.183e-05 4.923e-05 5.12e-05	
20190518 000000 5.202e-05 5.326e-05 5.051e-05 5.116e-05	
20190517 000000 5.465e-05 5.521e-05 5.016e-05 5.207e-05	
20190516 000000 5.388e-05 5.779e-05 4.999e-05 5.467e-05	
20190515 000000 4.955e-05 5.561e-05 4.845e-05 5.388e-05	
20190514 000000 4.194e-05 5.226e-05 4.029e-05 4.955e-05	
20190513 000000 4.478e-05 4.647e-05 4.125e-05 4.193e-05	
