20190611 000000 0.00016271 0.0001649 0.00015096 0.00015816	
20190610 000000 0.0001587 0.0001674 0.00015542 0.00016284	
20190609 000000 0.00015825 0.00016499 0.00015208 0.00015872	
20190608 000000 0.00017023 0.00017486 0.00015013 0.0001582	
20190607 000000 0.00015511 0.000185 0.00015212 0.0001701	
20190606 000000 0.00014843 0.0001551 0.00014345 0.00015457	
20190605 000000 0.00016557 0.00016625 0.00014771 0.00014846	
20190604 000000 0.00017184 0.00017584 0.0001591 0.00016486	
20190603 000000 0.00017688 0.00018389 0.0001685 0.00017122	
20190602 000000 0.00017165 0.00018813 0.00015884 0.00017637	
20190601 000000 0.00017951 0.00018039 0.00017001 0.0001719	
20190531 000000 0.00018597 0.00018813 0.00017263 0.00017886	
20190530 000000 0.00018183 0.00019303 0.000177 0.00018597	
20190529 000000 0.00018617 0.00018682 0.00017926 0.0001818	
20190528 000000 0.0001869 0.0001904 0.00018299 0.00018581	
20190527 000000 0.00018907 0.00019717 0.00018501 0.00018666	
20190526 000000 0.00019534 0.0001975 0.00018856 0.00018909	
20190525 000000 0.00019561 0.000205 0.0001932 0.00019468	
20190524 000000 0.00020453 0.0002092 0.00019311 0.00019561	
20190523 000000 0.0002006 0.00021317 0.00019358 0.00020439	
20190522 000000 0.00021124 0.00023095 0.00019941 0.00020081	
20190521 000000 0.00021334 0.00021536 0.000206 0.0002125	
20190520 000000 0.00021801 0.00023591 0.00020722 0.00021407	
20190519 000000 0.00022318 0.00022985 0.00020351 0.00021879	
20190518 000000 0.00023465 0.00023685 0.000222 0.00022343	
20190517 000000 0.000212 0.0002468 0.00020829 0.00023465	
20190516 000000 0.00021141 0.00022384 0.00020229 0.00021201	
20190515 000000 0.00017379 0.00021555 0.000173 0.00021145	
20190514 000000 0.00017262 0.00018144 0.000159 0.0001739	
20190513 000000 0.00018155 0.00018908 0.00016751 0.00017261	
