20190611 000000 1.1182e-06 1.17e-06 1.1182e-06 1.146e-06	
20190610 000000 1.1232e-06 1.143e-06 1.0999e-06 1.122e-06	
20190609 000000 1.149e-06 1.151e-06 1.1106e-06 1.1232e-06	
20190608 000000 1.164e-06 1.1918e-06 1.1468e-06 1.152e-06	
20190607 000000 1.115e-06 1.1952e-06 1.1131e-06 1.165e-06	
20190606 000000 1.1031e-06 1.1354e-06 1.099e-06 1.115e-06	
20190605 000000 1.1273e-06 1.1336e-06 1.0981e-06 1.107e-06	
20190604 000000 1.15e-06 1.1969e-06 1.1025e-06 1.132e-06	
20190603 000000 1.176e-06 1.1831e-06 1.1476e-06 1.151e-06	
20190602 000000 1.1776e-06 1.1968e-06 1.1575e-06 1.176e-06	
20190601 000000 1.1577e-06 1.1923e-06 1.1516e-06 1.1776e-06	
20190531 000000 1.2022e-06 1.217e-06 1.13e-06 1.161e-06	
20190530 000000 1.202e-06 1.2534e-06 1.1874e-06 1.209e-06	
20190529 000000 1.2309e-06 1.235e-06 1.1696e-06 1.202e-06	
20190528 000000 1.2341e-06 1.292e-06 1.2159e-06 1.234e-06	
20190527 000000 1.3221e-06 1.3337e-06 1.2012e-06 1.239e-06	
20190526 000000 1.4387e-06 1.439e-06 1.3169e-06 1.3337e-06	
20190525 000000 1.3561e-06 1.4783e-06 1.3366e-06 1.4407e-06	
20190524 000000 1.429e-06 1.462e-06 1.3395e-06 1.361e-06	
20190523 000000 1.4368e-06 1.4642e-06 1.3501e-06 1.428e-06	
20190522 000000 1.349e-06 1.4942e-06 1.3233e-06 1.447e-06	
20190521 000000 1.348e-06 1.3839e-06 1.2912e-06 1.35e-06	
20190520 000000 1.3761e-06 1.4662e-06 1.298e-06 1.348e-06	
20190519 000000 1.2769e-06 1.424e-06 1.2248e-06 1.3798e-06	
20190518 000000 1.3215e-06 1.3408e-06 1.266e-06 1.281e-06	
20190517 000000 1.3639e-06 1.4562e-06 1.2528e-06 1.3215e-06	
20190516 000000 1.1481e-06 1.4858e-06 1.137e-06 1.373e-06	
20190515 000000 9.771e-07 1.2611e-06 9.63e-07 1.152e-06	
20190514 000000 9.708e-07 1.0115e-06 9.029e-07 9.81e-07	
20190513 000000 1.0307e-06 1.09e-06 9.694e-07 9.79e-07	
