20190611 000000 0.001224 0.001249 0.001178 0.001188	
20190610 000000 0.001014 0.001289 0.000988 0.001222	
20190609 000000 0.001029 0.001045 0.000995 0.001014	
20190608 000000 0.001126 0.001198 0.001 0.001034	
20190607 000000 0.000867 0.001197 0.00086 0.001124	
20190606 000000 0.000854 0.000875 0.000844 0.000866	
20190605 000000 0.00086 0.000874 0.000841 0.000856	
20190604 000000 0.000852 0.000868 0.000832 0.000859	
20190603 000000 0.000914 0.000927 0.000844 0.000851	
20190602 000000 0.000855 0.00122 0.000844 0.000917	
20190601 000000 0.000849 0.000873 0.000838 0.000855	
20190531 000000 0.000856 0.000871 0.000829 0.000847	
20190530 000000 0.000856 0.000882 0.000839 0.000855	
20190529 000000 0.000863 0.000884 0.000834 0.000854	
20190528 000000 0.000844 0.000879 0.000818 0.000863	
20190527 000000 0.000895 0.000913 0.00081 0.000844	
20190526 000000 0.000882 0.000906 0.000873 0.000897	
20190525 000000 0.000901 0.00092 0.00087 0.00088	
20190524 000000 0.000918 0.000959 0.000902 0.000902	
20190523 000000 0.000955 0.001001 0.000911 0.000918	
20190522 000000 0.000929 0.001043 0.000925 0.000952	
20190521 000000 0.000924 0.000934 0.000865 0.000929	
20190520 000000 0.000922 0.000936 0.000891 0.000925	
20190519 000000 0.000973 0.00098 0.000914 0.000922	
20190518 000000 0.000972 0.000994 0.000953 0.000973	
20190517 000000 0.001023 0.001079 0.000931 0.000971	
20190516 000000 0.000996 0.001044 0.000925 0.001019	
20190515 000000 0.000889 0.0022 0.000889 0.001003	
20190514 000000 0.000896 0.000968 0.00087 0.000892	
20190513 000000 0.000928 0.00102 0.000893 0.000895	
