20190611 000000 9.52e-07 9.7e-07 9.18e-07 9.213e-07	
20190610 000000 9.705e-07 9.707e-07 9.18e-07 9.521e-07	
20190609 000000 9.915e-07 1.0071e-06 9.52e-07 9.57e-07	
20190608 000000 9.277e-07 1.01e-06 9.171e-07 9.914e-07	
20190607 000000 9.63e-07 1.046e-06 9.171e-07 9.278e-07	
20190606 000000 9.29e-07 9.644e-07 8.875e-07 9.63e-07	
20190605 000000 8.604e-07 9.3e-07 8.604e-07 9.289e-07	
20190604 000000 8.636e-07 8.738e-07 8.3e-07 8.724e-07	
20190603 000000 8.49e-07 8.748e-07 8.423e-07 8.498e-07	
20190602 000000 9.112e-07 9.17e-07 8.424e-07 8.459e-07	
20190601 000000 8.81e-07 9.211e-07 8.494e-07 9.112e-07	
20190531 000000 8.257e-07 8.997e-07 7.922e-07 8.807e-07	
20190530 000000 7.616e-07 8.769e-07 7.38e-07 8.241e-07	
20190529 000000 7.768e-07 8.426e-07 7.244e-07 7.617e-07	
20190528 000000 7.638e-07 7.812e-07 7.145e-07 7.768e-07	
20190527 000000 8.323e-07 8.491e-07 7.503e-07 7.639e-07	
20190526 000000 8.296e-07 8.432e-07 8.208e-07 8.322e-07	
20190525 000000 8.634e-07 8.658e-07 8.282e-07 8.296e-07	
20190524 000000 8.549e-07 8.7e-07 8e-07 8.635e-07	
20190523 000000 8.075e-07 8.574e-07 7.5e-07 8.55e-07	
20190522 000000 8.359e-07 8.593e-07 7.99e-07 8.076e-07	
20190521 000000 8.07e-07 9.798e-07 8.004e-07 8.36e-07	
20190520 000000 7.997e-07 8.214e-07 7.336e-07 8.07e-07	
20190519 000000 8.555e-07 8.84e-07 7.676e-07 7.998e-07	
20190518 000000 8.701e-07 8.904e-07 8.087e-07 8.555e-07	
20190517 000000 8.474e-07 8.985e-07 7.7e-07 8.7e-07	
20190516 000000 8.326e-07 8.696e-07 7.83e-07 8.472e-07	
20190515 000000 7.906e-07 8.995e-07 7.682e-07 8.327e-07	
20190514 000000 8.713e-07 9.023e-07 7.61e-07 7.904e-07	
20190513 000000 9.138e-07 9.571e-07 8.601e-07 8.714e-07	
