20190611 000000 2.64e-07 2.737e-07 2.584e-07 2.59e-07	
20190610 000000 2.69e-07 2.748e-07 2.555e-07 2.64e-07	
20190609 000000 2.62e-07 2.76e-07 2.6e-07 2.7e-07	
20190608 000000 2.66e-07 2.702e-07 2.5e-07 2.6e-07	
20190607 000000 2.72e-07 2.762e-07 2.548e-07 2.682e-07	
20190606 000000 2.59e-07 2.738e-07 2.498e-07 2.72e-07	
20190605 000000 2.372e-07 2.78e-07 2.372e-07 2.59e-07	
20190604 000000 2.365e-07 2.407e-07 2.292e-07 2.372e-07	
20190603 000000 2.441e-07 2.5e-07 2.36e-07 2.365e-07	
20190602 000000 2.46e-07 2.5e-07 2.382e-07 2.44e-07	
20190601 000000 2.51e-07 2.547e-07 2.415e-07 2.49e-07	
20190531 000000 2.597e-07 2.599e-07 2.4e-07 2.53e-07	
20190530 000000 2.59e-07 2.682e-07 2.422e-07 2.598e-07	
20190529 000000 2.62e-07 2.749e-07 2.558e-07 2.59e-07	
20190528 000000 2.63e-07 2.732e-07 2.54e-07 2.622e-07	
20190527 000000 2.834e-07 2.957e-07 2.607e-07 2.638e-07	
20190526 000000 2.878e-07 3e-07 2.806e-07 2.835e-07	
20190525 000000 2.93e-07 3.003e-07 2.798e-07 2.878e-07	
20190524 000000 3.12e-07 3.185e-07 2.9e-07 2.93e-07	
20190523 000000 2.96e-07 3.264e-07 2.911e-07 3.12e-07	
20190522 000000 2.98e-07 3.021e-07 2.854e-07 2.96e-07	
20190521 000000 2.98e-07 3.14e-07 2.86e-07 2.98e-07	
20190520 000000 2.965e-07 3.15e-07 2.86e-07 2.98e-07	
20190519 000000 3.15e-07 3.24e-07 2.8e-07 2.963e-07	
20190518 000000 3.127e-07 3.196e-07 2.92e-07 3.16e-07	
20190517 000000 3.04e-07 3.4e-07 2.797e-07 3.126e-07	
20190516 000000 2.88e-07 3.498e-07 2.69e-07 3.04e-07	
20190515 000000 2.64e-07 3.02e-07 2.614e-07 2.88e-07	
20190514 000000 2.747e-07 3.134e-07 2.4e-07 2.64e-07	
20190513 000000 2.91e-07 3.099e-07 2.708e-07 2.74e-07	
