20190611 000000 0.010203 0.010236 0.009855 0.010021	
20190610 000000 0.010218 0.010309 0.00993 0.010203	
20190609 000000 0.010382 0.010385 0.009972 0.010222	
20190608 000000 0.010433 0.010616 0.010333 0.010382	
20190607 000000 0.010293 0.010441 0.010122 0.010431	
20190606 000000 0.010095 0.010371 0.010048 0.010288	
20190605 000000 0.010303 0.010347 0.009975 0.010076	
20190604 000000 0.010113 0.01085 0.010001 0.010313	
20190603 000000 0.010235 0.010325 0.009969 0.010113	
20190602 000000 0.010047 0.010268 0.009968 0.010232	
20190601 000000 0.010479 0.010924 0.009884 0.010042	
20190531 000000 0.01042 0.010617 0.009844 0.010479	
20190530 000000 0.00989 0.011205 0.009724 0.010418	
20190529 000000 0.009867 0.009969 0.009348 0.009885	
20190528 000000 0.008694 0.010151 0.008587 0.009875	
20190527 000000 0.009011 0.009031 0.00856 0.008682	
20190526 000000 0.008994 0.009098 0.008868 0.009011	
20190525 000000 0.00914 0.009204 0.00899 0.008993	
20190524 000000 0.009107 0.00936 0.008996 0.009141	
20190523 000000 0.009222 0.009338 0.009002 0.009106	
20190522 000000 0.009511 0.009613 0.00919 0.009233	
20190521 000000 0.009714 0.009891 0.00938 0.009514	
20190520 000000 0.009567 0.009799 0.009418 0.009713	
20190519 000000 0.009832 0.010035 0.009408 0.009562	
20190518 000000 0.010053 0.010189 0.009743 0.009839	
20190517 000000 0.009908 0.010212 0.00912 0.010066	
20190516 000000 0.009157 0.009957 0.009092 0.009907	
20190515 000000 0.008349 0.009171 0.008299 0.009154	
20190514 000000 0.008327 0.008491 0.007965 0.008342	
20190513 000000 0.00869 0.008772 0.008239 0.008322	
