20190611 000000 0.0013137 0.00133793 0.00130344 0.00130629	
20190610 000000 0.00127654 0.00132413 0.00126106 0.00130922	
20190609 000000 0.00126262 0.00128399 0.001258 0.00127968	
20190608 000000 0.00124164 0.00129502 0.00123535 0.00126306	
20190607 000000 0.00124272 0.00125588 0.00123137 0.00124189	
20190606 000000 0.00124033 0.00131021 0.0012345 0.00124629	
20190605 000000 0.00127158 0.00129045 0.00122569 0.00124098	
20190604 000000 0.00127656 0.00129705 0.00124253 0.00127285	
20190603 000000 0.0012935 0.0013007 0.00126025 0.00127661	
20190602 000000 0.0013086 0.0013467 0.00128272 0.00129349	
20190601 000000 0.00125874 0.00135815 0.00124884 0.00130793	
20190531 000000 0.00129817 0.00130203 0.00123417 0.00125995	
20190530 000000 0.00132545 0.00133999 0.00128181 0.00130111	
20190529 000000 0.00128213 0.00135838 0.00122049 0.00132293	
20190528 000000 0.00127993 0.00131951 0.00126024 0.001282	
20190527 000000 0.00137915 0.00138708 0.00120754 0.00127987	
20190526 000000 0.00141254 0.00141606 0.00135319 0.00137915	
20190525 000000 0.00143326 0.0014583 0.00139777 0.00141344	
20190524 000000 0.0014734 0.00149 0.00142715 0.0014296	
20190523 000000 0.0015061 0.00151095 0.00147098 0.00147245	
20190522 000000 0.00148181 0.00152949 0.00147941 0.00150688	
20190521 000000 0.00149599 0.00151623 0.00147721 0.00148181	
20190520 000000 0.00153994 0.00156399 0.00148609 0.00149472	
20190519 000000 0.0016129 0.00162852 0.00148607 0.00154106	
20190518 000000 0.00168452 0.00169145 0.00159763 0.00161198	
20190517 000000 0.00159145 0.00169872 0.00153924 0.00168528	
20190516 000000 0.00159322 0.00164323 0.00153539 0.00158993	
20190515 000000 0.0015338 0.00163712 0.00143096 0.0015925	
20190514 000000 0.00167107 0.00173417 0.00147197 0.00153524	
20190513 000000 0.00180523 0.00187589 0.00164241 0.00167095	
