20190611 000000 2.778e-06 3.028e-06 2.7064e-06 2.852e-06	
20190610 000000 2.812e-06 2.959e-06 2.7335e-06 2.778e-06	
20190609 000000 2.871e-06 2.95e-06 2.736e-06 2.812e-06	
20190608 000000 2.97e-06 3.15e-06 2.8332e-06 2.871e-06	
20190607 000000 2.816e-06 3.0288e-06 2.7546e-06 2.968e-06	
20190606 000000 2.6861e-06 2.8246e-06 2.622e-06 2.8089e-06	
20190605 000000 2.9054e-06 2.945e-06 2.6443e-06 2.681e-06	
20190604 000000 2.456e-06 2.972e-06 2.446e-06 2.904e-06	
20190603 000000 2.409e-06 2.4818e-06 2.3175e-06 2.455e-06	
20190602 000000 2.299e-06 2.4463e-06 2.278e-06 2.4142e-06	
20190601 000000 2.326e-06 2.3646e-06 2.255e-06 2.301e-06	
20190531 000000 2.4131e-06 2.4791e-06 2.2477e-06 2.328e-06	
20190530 000000 2.4741e-06 2.596e-06 2.3788e-06 2.417e-06	
20190529 000000 2.3929e-06 2.5086e-06 2.305e-06 2.4689e-06	
20190528 000000 2.27e-06 2.4839e-06 2.2585e-06 2.397e-06	
20190527 000000 2.3989e-06 2.425e-06 2.1456e-06 2.2731e-06	
20190526 000000 2.37e-06 2.5574e-06 2.3511e-06 2.3961e-06	
20190525 000000 2.4759e-06 2.494e-06 2.3455e-06 2.37e-06	
20190524 000000 2.647e-06 2.6831e-06 2.4286e-06 2.4761e-06	
20190523 000000 2.551e-06 2.8395e-06 2.525e-06 2.649e-06	
20190522 000000 2.5476e-06 2.7466e-06 2.4063e-06 2.559e-06	
20190521 000000 2.186e-06 2.5805e-06 2.142e-06 2.5683e-06	
20190520 000000 2.232e-06 2.261e-06 2.1284e-06 2.1832e-06	
20190519 000000 2.339e-06 2.363e-06 2.2026e-06 2.229e-06	
20190518 000000 2.3571e-06 2.4244e-06 2.3102e-06 2.339e-06	
20190517 000000 2.527e-06 2.5403e-06 2.2804e-06 2.357e-06	
20190516 000000 2.4678e-06 2.6808e-06 2.2704e-06 2.519e-06	
20190515 000000 2.243e-06 2.5142e-06 2.1899e-06 2.477e-06	
20190514 000000 2.1887e-06 2.2628e-06 2.056e-06 2.247e-06	
20190513 000000 2.307e-06 2.361e-06 2.1412e-06 2.186e-06	
