20190611 000000 8.2e-08 8.43e-08 7.9e-08 8.3e-08	
20190610 000000 8.9e-08 8.96e-08 7.6e-08 8.3e-08	
20190609 000000 9.59e-08 9.86e-08 8.81e-08 8.9e-08	
20190608 000000 8.85e-08 9.8e-08 8.58e-08 9.5e-08	
20190607 000000 9.8e-08 1.023e-07 8.34e-08 8.8e-08	
20190606 000000 7.8e-08 1.011e-07 7.8e-08 9.8e-08	
20190605 000000 8e-08 8.2e-08 7.02e-08 7.9e-08	
20190604 000000 8.2e-08 8.3e-08 7.95e-08 8e-08	
20190603 000000 8.1e-08 8.89e-08 7.95e-08 8.2e-08	
20190602 000000 8.51e-08 8.51e-08 7.93e-08 8.1e-08	
20190601 000000 8.6e-08 8.74e-08 8.14e-08 8.4e-08	
20190531 000000 9.2e-08 9.29e-08 8.16e-08 8.6e-08	
20190530 000000 9.09e-08 1.017e-07 8.37e-08 9.12e-08	
20190529 000000 8.9e-08 9.32e-08 8.24e-08 9.09e-08	
20190528 000000 7.9e-08 9.5e-08 7.81e-08 8.9e-08	
20190527 000000 8.29e-08 8.3e-08 7.3e-08 7.9e-08	
20190526 000000 8.27e-08 8.31e-08 8e-08 8.29e-08	
20190525 000000 8.1e-08 8.3e-08 7.76e-08 8.2e-08	
20190524 000000 8.2e-08 8.29e-08 7.73e-08 8e-08	
20190523 000000 7.9e-08 9.03e-08 7.79e-08 8.2e-08	
20190522 000000 8.3e-08 8.5e-08 7.7e-08 7.9e-08	
20190521 000000 8.5e-08 8.85e-08 7.82e-08 8.3e-08	
20190520 000000 9.01e-08 9.34e-08 8.01e-08 8.5e-08	
20190519 000000 9.4e-08 1.038e-07 8.02e-08 9e-08	
20190518 000000 1.005e-07 1.005e-07 8.66e-08 9.33e-08	
20190517 000000 8.57e-08 1.08e-07 7.5e-08 1e-07	
20190516 000000 7.8e-08 8.85e-08 7.05e-08 8.55e-08	
20190515 000000 7e-08 7.9e-08 6.7e-08 7.89e-08	
20190514 000000 8e-08 8.14e-08 6.47e-08 7e-08	
20190513 000000 9.1e-08 9.34e-08 7.6e-08 8e-08	
