20190611 000000 2.43e-06 2.43e-06 2.28e-06 2.37e-06	
20190610 000000 2.39e-06 2.53e-06 2.2e-06 2.43e-06	
20190609 000000 2.49e-06 2.57e-06 2.35e-06 2.37e-06	
20190608 000000 2.48e-06 2.53e-06 2.37e-06 2.5e-06	
20190607 000000 2.39e-06 2.53e-06 2.3e-06 2.47e-06	
20190606 000000 2.36e-06 2.44e-06 2.24e-06 2.39e-06	
20190605 000000 2.19e-06 2.43e-06 2.02e-06 2.36e-06	
20190604 000000 2.24e-06 2.33e-06 2.05e-06 2.2e-06	
20190603 000000 2.32e-06 2.34e-06 2.21e-06 2.24e-06	
20190602 000000 2.4e-06 2.5e-06 2.27e-06 2.32e-06	
20190601 000000 2.32e-06 2.48e-06 2.19e-06 2.4e-06	
20190531 000000 2.3e-06 2.8e-06 2.13e-06 2.32e-06	
20190530 000000 2.24e-06 2.3e-06 2.19e-06 2.3e-06	
20190529 000000 2.25e-06 2.34e-06 2.22e-06 2.24e-06	
20190528 000000 2.17e-06 2.39e-06 2.13e-06 2.26e-06	
20190527 000000 2.37e-06 2.39e-06 2.13e-06 2.17e-06	
20190526 000000 2.41e-06 2.41e-06 2.29e-06 2.38e-06	
20190525 000000 2.43e-06 2.46e-06 2.3e-06 2.41e-06	
20190524 000000 2.38e-06 2.5e-06 2.26e-06 2.43e-06	
20190523 000000 2.42e-06 2.51e-06 2.25e-06 2.38e-06	
20190522 000000 2.6e-06 2.64e-06 2.34e-06 2.42e-06	
20190521 000000 2.76e-06 2.78e-06 2.36e-06 2.61e-06	
20190520 000000 2.53e-06 3.2e-06 2.46e-06 2.77e-06	
20190519 000000 2.83e-06 3.06e-06 2.22e-06 2.52e-06	
20190518 000000 3.8e-06 3.8e-06 2.51e-06 2.81e-06	
20190517 000000 2.26e-06 5.15e-06 2.12e-06 3.78e-06	
20190516 000000 2.15e-06 2.29e-06 2.06e-06 2.21e-06	
20190515 000000 2.02e-06 2.4e-06 1.84e-06 2.15e-06	
20190514 000000 2.05e-06 2.45e-06 1.82e-06 2.01e-06	
20190513 000000 2.38e-06 2.42e-06 2e-06 2.02e-06	
