20190611 000000 4.16e-05 4.174e-05 4.056e-05 4.096e-05	
20190610 000000 4.176e-05 4.232e-05 4.08e-05 4.164e-05	
20190609 000000 4.245e-05 4.271e-05 4.172e-05 4.174e-05	
20190608 000000 4.116e-05 4.739e-05 4.076e-05 4.239e-05	
20190607 000000 4.114e-05 4.138e-05 4.046e-05 4.115e-05	
20190606 000000 4.007e-05 4.225e-05 4.003e-05 4.113e-05	
20190605 000000 3.985e-05 4.08e-05 3.882e-05 4.006e-05	
20190604 000000 3.908e-05 3.989e-05 3.847e-05 3.985e-05	
20190603 000000 3.882e-05 3.997e-05 3.861e-05 3.909e-05	
20190602 000000 3.944e-05 3.982e-05 3.833e-05 3.879e-05	
20190601 000000 3.94e-05 4.022e-05 3.911e-05 3.945e-05	
20190531 000000 4.067e-05 4.075e-05 3.823e-05 3.939e-05	
20190530 000000 3.986e-05 4.267e-05 3.937e-05 4.068e-05	
20190529 000000 3.851e-05 4.012e-05 3.797e-05 3.989e-05	
20190528 000000 3.772e-05 3.896e-05 3.743e-05 3.849e-05	
20190527 000000 3.937e-05 3.947e-05 3.712e-05 3.77e-05	
20190526 000000 3.973e-05 4.051e-05 3.921e-05 3.937e-05	
20190525 000000 3.915e-05 3.988e-05 3.877e-05 3.967e-05	
20190524 000000 3.902e-05 4.285e-05 3.87e-05 3.908e-05	
20190523 000000 4.082e-05 4.12e-05 3.881e-05 3.901e-05	
20190522 000000 4.062e-05 4.234e-05 4.045e-05 4.079e-05	
20190521 000000 4.095e-05 4.107e-05 3.93e-05 4.062e-05	
20190520 000000 4.129e-05 4.208e-05 3.995e-05 4.088e-05	
20190519 000000 4.416e-05 4.647e-05 4.107e-05 4.123e-05	
20190518 000000 4.254e-05 4.42e-05 4.223e-05 4.41e-05	
20190517 000000 4.426e-05 4.459e-05 4.018e-05 4.26e-05	
20190516 000000 4.216e-05 4.652e-05 4.139e-05 4.412e-05	
20190515 000000 3.791e-05 4.263e-05 3.739e-05 4.217e-05	
20190514 000000 3.666e-05 3.803e-05 3.486e-05 3.8e-05	
20190513 000000 3.875e-05 4.015e-05 3.658e-05 3.669e-05	
