20190611 000000 2.754e-05 2.848e-05 2.738e-05 2.765e-05	
20190610 000000 2.947e-05 2.996e-05 2.7e-05 2.764e-05	
20190609 000000 3.205e-05 3.209e-05 2.907e-05 2.946e-05	
20190608 000000 2.95e-05 3.496e-05 2.804e-05 3.205e-05	
20190607 000000 2.838e-05 3.21e-05 2.634e-05 2.951e-05	
20190606 000000 2.52e-05 3.049e-05 2.463e-05 2.837e-05	
20190605 000000 2.51e-05 2.537e-05 2.475e-05 2.52e-05	
20190604 000000 2.571e-05 2.581e-05 2.303e-05 2.513e-05	
20190603 000000 2.524e-05 2.608e-05 2.508e-05 2.566e-05	
20190602 000000 2.572e-05 2.624e-05 2.479e-05 2.527e-05	
20190601 000000 2.607e-05 2.623e-05 2.465e-05 2.569e-05	
20190531 000000 2.445e-05 2.69e-05 2.44e-05 2.606e-05	
20190530 000000 2.653e-05 2.679e-05 2.368e-05 2.445e-05	
20190529 000000 2.53e-05 2.685e-05 2.491e-05 2.654e-05	
20190528 000000 2.473e-05 2.539e-05 2.449e-05 2.529e-05	
20190527 000000 2.573e-05 2.621e-05 2.341e-05 2.476e-05	
20190526 000000 2.591e-05 2.64e-05 2.499e-05 2.574e-05	
20190525 000000 2.563e-05 2.645e-05 2.499e-05 2.59e-05	
20190524 000000 2.59e-05 2.68e-05 2.512e-05 2.563e-05	
20190523 000000 2.43e-05 2.736e-05 2.427e-05 2.591e-05	
20190522 000000 2.568e-05 2.576e-05 2.394e-05 2.429e-05	
20190521 000000 2.697e-05 2.93e-05 2.531e-05 2.568e-05	
20190520 000000 2.857e-05 2.87e-05 2.535e-05 2.697e-05	
20190519 000000 3.085e-05 3.101e-05 2.524e-05 2.857e-05	
20190518 000000 2.913e-05 4.5e-05 2.904e-05 3.085e-05	
20190517 000000 2.361e-05 3.622e-05 2.342e-05 2.913e-05	
20190516 000000 2.56e-05 2.724e-05 2.337e-05 2.36e-05	
20190515 000000 2.767e-05 2.822e-05 2.499e-05 2.565e-05	
20190514 000000 3.142e-05 3.153e-05 2.416e-05 2.772e-05	
20190513 000000 3.116e-05 3.299e-05 2.99e-05 3.156e-05	
