20190611 000000 3.63e-05 3.754e-05 3.328e-05 3.425e-05	
20190610 000000 4.103e-05 4.109e-05 3.562e-05 3.63e-05	
20190609 000000 4.097e-05 4.155e-05 3.64e-05 4.097e-05	
20190608 000000 3.945e-05 4.171e-05 3.555e-05 4.105e-05	
20190607 000000 3.246e-05 4.258e-05 3.244e-05 3.937e-05	
20190606 000000 2.941e-05 3.29e-05 2.905e-05 3.223e-05	
20190605 000000 3.182e-05 3.211e-05 2.889e-05 2.942e-05	
20190604 000000 3.446e-05 3.453e-05 3.013e-05 3.175e-05	
20190603 000000 3.336e-05 3.442e-05 3.226e-05 3.326e-05	
20190602 000000 3.441e-05 3.487e-05 3.276e-05 3.315e-05	
20190601 000000 3.433e-05 3.594e-05 3.37e-05 3.431e-05	
20190531 000000 3.565e-05 3.922e-05 3.3e-05 3.41e-05	
20190530 000000 3.746e-05 3.789e-05 3.456e-05 3.571e-05	
20190529 000000 3.935e-05 4.088e-05 3.7e-05 3.746e-05	
20190528 000000 3.788e-05 4.109e-05 3.592e-05 3.935e-05	
20190527 000000 4.053e-05 4.423e-05 3.773e-05 3.801e-05	
20190526 000000 4.328e-05 4.382e-05 3.58e-05 4.066e-05	
20190525 000000 4.136e-05 4.41e-05 3.878e-05 4.366e-05	
20190524 000000 4.279e-05 4.52e-05 3.65e-05 4.141e-05	
20190523 000000 4.106e-05 4.291e-05 3.882e-05 4.279e-05	
20190522 000000 4.126e-05 4.551e-05 3.8e-05 4.106e-05	
20190521 000000 4.304e-05 4.304e-05 3.905e-05 4.126e-05	
20190520 000000 5.376e-05 5.418e-05 4.133e-05 4.3e-05	
20190519 000000 3.701e-05 6.133e-05 3.594e-05 5.337e-05	
20190518 000000 3.833e-05 4.392e-05 3.453e-05 3.701e-05	
20190517 000000 3.701e-05 4.521e-05 3.5e-05 3.833e-05	
20190516 000000 3.85e-05 5.274e-05 3.629e-05 3.68e-05	
20190515 000000 4.203e-05 4.209e-05 3.85e-05 3.877e-05	
20190514 000000 4.56e-05 4.56e-05 3.987e-05 4.203e-05	
20190513 000000 4.591e-05 4.631e-05 4.189e-05 4.56e-05	
