20190611 000000 0.00154734 0.00164186 0.00152846 0.00155631	
20190610 000000 0.00160293 0.00164705 0.00151729 0.00154946	
20190609 000000 0.00166477 0.00168223 0.0016 0.00160292	
20190608 000000 0.00167359 0.00172369 0.00164201 0.00166542	
20190607 000000 0.00170959 0.00193999 0.00161957 0.00167384	
20190606 000000 0.00143683 0.00186469 0.00141202 0.00171073	
20190605 000000 0.00150279 0.0015595 0.00131116 0.00143738	
20190604 000000 0.00166325 0.00168606 0.00142946 0.00150248	
20190603 000000 0.00168563 0.00168728 0.00162843 0.00166822	
20190602 000000 0.00165 0.00170549 0.00161386 0.00168435	
20190601 000000 0.00175833 0.00177166 0.00163375 0.00165003	
20190531 000000 0.00184223 0.00195358 0.00164641 0.00175759	
20190530 000000 0.00184321 0.00189409 0.00173 0.00184219	
20190529 000000 0.00193473 0.00194501 0.00180801 0.00184293	
20190528 000000 0.00192797 0.00195358 0.0018 0.00193657	
20190527 000000 0.00206427 0.00209489 0.00185976 0.00192382	
20190526 000000 0.00201339 0.00211838 0.00195696 0.00206427	
20190525 000000 0.00215269 0.00226179 0.00194455 0.00201221	
20190524 000000 0.0021113 0.00235235 0.00200055 0.00215286	
20190523 000000 0.00204011 0.00216452 0.00197648 0.00211016	
20190522 000000 0.0022046 0.00222553 0.0019818 0.00204056	
20190521 000000 0.00232418 0.00238272 0.00212821 0.00220703	
20190520 000000 0.0024791 0.00254103 0.00216 0.00232481	
20190519 000000 0.00246105 0.0027 0.00236784 0.00248484	
20190518 000000 0.00254917 0.003 0.00216269 0.00245861	
20190517 000000 0.00182675 0.003 0.00178313 0.00256517	
20190516 000000 0.00229982 0.00230246 0.00181173 0.0018239	
20190515 000000 0.00256791 0.00260098 0.00226562 0.00230005	
20190514 000000 0.00281364 0.00296 0.0024118 0.00256791	
20190513 000000 0.00299604 0.00339212 0.00272552 0.00281992	
