20190611 000000 8.29e-05 8.29e-05 7.689e-05 7.841e-05	
20190610 000000 9.111e-05 9.173e-05 8.263e-05 8.281e-05	
20190609 000000 7.092e-05 9.268e-05 7.046e-05 9.127e-05	
20190608 000000 7.206e-05 7.452e-05 7.093e-05 7.093e-05	
20190607 000000 7.015e-05 7.414e-05 6.824e-05 7.242e-05	
20190606 000000 6.907e-05 7.295e-05 6.712e-05 7.015e-05	
20190605 000000 6.506e-05 7.108e-05 6.457e-05 6.907e-05	
20190604 000000 6.521e-05 6.608e-05 6.25e-05 6.506e-05	
20190603 000000 6.331e-05 6.714e-05 6.3e-05 6.522e-05	
20190602 000000 6.341e-05 6.505e-05 6.211e-05 6.331e-05	
20190601 000000 6.414e-05 6.514e-05 6.191e-05 6.34e-05	
20190531 000000 6.405e-05 6.853e-05 6.195e-05 6.404e-05	
20190530 000000 6.508e-05 6.734e-05 6.18e-05 6.395e-05	
20190529 000000 6.701e-05 6.862e-05 6.4e-05 6.505e-05	
20190528 000000 6.901e-05 6.91e-05 6.569e-05 6.693e-05	
20190527 000000 7.079e-05 7.552e-05 6.496e-05 6.897e-05	
20190526 000000 7.199e-05 7.815e-05 6.954e-05 7.084e-05	
20190525 000000 6.611e-05 7.556e-05 6.452e-05 7.226e-05	
20190524 000000 6.505e-05 6.739e-05 6.423e-05 6.615e-05	
20190523 000000 6.398e-05 6.747e-05 6.287e-05 6.499e-05	
20190522 000000 6.592e-05 6.631e-05 6.188e-05 6.395e-05	
20190521 000000 6.471e-05 7.447e-05 6.301e-05 6.589e-05	
20190520 000000 6.603e-05 7.001e-05 6.297e-05 6.483e-05	
20190519 000000 6.916e-05 7.447e-05 6.58e-05 6.603e-05	
20190518 000000 6.79e-05 7.53e-05 6.3e-05 6.914e-05	
20190517 000000 6.612e-05 7.068e-05 6.262e-05 6.79e-05	
20190516 000000 7.377e-05 8.05e-05 6.588e-05 6.606e-05	
20190515 000000 8.04e-05 8.148e-05 7.236e-05 7.375e-05	
20190514 000000 7.918e-05 8.474e-05 7.585e-05 8.04e-05	
20190513 000000 8.291e-05 8.861e-05 7.925e-05 7.94e-05	
