20190611 000000 0.000344 0.000349 0.000339 0.000347	
20190610 000000 0.000342 0.000349 0.000337 0.000343	
20190609 000000 0.00034 0.000345 0.000337 0.000342	
20190608 000000 0.000343 0.000347 0.000338 0.000339	
20190607 000000 0.000332 0.000346 0.000329 0.000344	
20190606 000000 0.000335 0.000338 0.000325 0.000332	
20190605 000000 0.000345 0.000347 0.000333 0.000335	
20190604 000000 0.000353 0.000367 0.00034 0.000345	
20190603 000000 0.00035 0.000366 0.000345 0.000354	
20190602 000000 0.000329 0.000359 0.000328 0.00035	
20190601 000000 0.000331 0.000337 0.000326 0.000329	
20190531 000000 0.000333 0.000338 0.000326 0.000331	
20190530 000000 0.000339 0.000345 0.000328 0.000334	
20190529 000000 0.00033 0.000344 0.000327 0.000339	
20190528 000000 0.000329 0.00034 0.000324 0.000331	
20190527 000000 0.000322 0.000334 0.000317 0.00033	
20190526 000000 0.000321 0.000329 0.000316 0.000322	
20190525 000000 0.000324 0.000328 0.000317 0.000321	
20190524 000000 0.000322 0.000332 0.00032 0.000324	
20190523 000000 0.000325 0.000332 0.000315 0.000321	
20190522 000000 0.000333 0.000337 0.000318 0.000325	
20190521 000000 0.00033 0.00035 0.000329 0.000333	
20190520 000000 0.000331 0.000339 0.000328 0.000331	
20190519 000000 0.000338 0.000343 0.000329 0.000332	
20190518 000000 0.000338 0.000348 0.000332 0.000338	
20190517 000000 0.000338 0.000346 0.000323 0.000337	
20190516 000000 0.00037 0.000392 0.000335 0.000337	
20190515 000000 0.000386 0.0004 0.000365 0.00037	
20190514 000000 0.000373 0.000398 0.000363 0.000387	
20190513 000000 0.000373 0.000387 0.000371 0.000373	
