20190611 000000 0.0006686 0.00068353 0.00064941 0.00066648	
20190610 000000 0.00065073 0.0007207 0.00063952 0.0006686	
20190609 000000 0.00065632 0.0006733 0.00064167 0.00064994	
20190608 000000 0.00062421 0.00077513 0.00062066 0.00065634	
20190607 000000 0.00060893 0.00068734 0.00059195 0.00062441	
20190606 000000 0.00061041 0.00061734 0.00060153 0.00060893	
20190605 000000 0.00061558 0.0006347 0.00060454 0.00060998	
20190604 000000 0.00064802 0.00065581 0.00059926 0.00061531	
20190603 000000 0.00064362 0.00066717 0.00063646 0.00064725	
20190602 000000 0.00064303 0.00065062 0.00062813 0.00064112	
20190601 000000 0.00065 0.00066589 0.00063474 0.00064303	
20190531 000000 0.00062751 0.00067274 0.00061998 0.00065317	
20190530 000000 0.000644 0.00066417 0.000613 0.00062752	
20190529 000000 0.00065421 0.00072447 0.00063401 0.00064483	
20190528 000000 0.00061867 0.00067136 0.000613 0.00065457	
20190527 000000 0.00067981 0.00068789 0.00060586 0.00061856	
20190526 000000 0.00063399 0.00070732 0.00063374 0.00068078	
20190525 000000 0.00062237 0.00066059 0.00061448 0.00063345	
20190524 000000 0.00064915 0.00073805 0.00062207 0.0006231	
20190523 000000 0.00060046 0.00071354 0.00059276 0.00064915	
20190522 000000 0.00057371 0.00062184 0.00056557 0.00060007	
20190521 000000 0.00055806 0.0006194 0.0005437 0.00057371	
20190520 000000 0.00057402 0.0005769 0.00054343 0.00055805	
20190519 000000 0.00058504 0.00063927 0.00057083 0.00057394	
20190518 000000 0.00056282 0.00058662 0.00055286 0.00058573	
20190517 000000 0.00052433 0.00057579 0.00052365 0.00056332	
20190516 000000 0.00059171 0.00060566 0.00052012 0.00052015	
20190515 000000 0.00062439 0.00062743 0.00058046 0.00059192	
20190514 000000 0.0006296 0.00064911 0.00059882 0.00062439	
20190513 000000 0.00066733 0.00068055 0.00061925 0.00062907	
