20190611 000000 0.002179 0.002236 0.002117 0.002164	
20190610 000000 0.002128 0.002375 0.002095 0.00218	
20190609 000000 0.002042 0.002158 0.002006 0.002127	
20190608 000000 0.002045 0.002101 0.002018 0.002042	
20190607 000000 0.002058 0.002097 0.002017 0.002045	
20190606 000000 0.00207 0.002089 0.002012 0.002049	
20190605 000000 0.002104 0.002165 0.002026 0.00207	
20190604 000000 0.002053 0.002111 0.001959 0.002106	
20190603 000000 0.002071 0.0021 0.001995 0.002053	
20190602 000000 0.002018 0.002077 0.001992 0.002071	
20190601 000000 0.002077 0.002137 0.002 0.00202	
20190531 000000 0.002072 0.002267 0.00204 0.002076	
20190530 000000 0.00212 0.002151 0.002001 0.00207	
20190529 000000 0.002186 0.002214 0.002103 0.002121	
20190528 000000 0.002209 0.0023 0.002126 0.002185	
20190527 000000 0.002314 0.002365 0.002144 0.002209	
20190526 000000 0.002347 0.002448 0.002254 0.002312	
20190525 000000 0.00227 0.002367 0.002191 0.002345	
20190524 000000 0.002234 0.002374 0.002192 0.00227	
20190523 000000 0.002275 0.002298 0.002179 0.002234	
20190522 000000 0.002109 0.002365 0.002105 0.002288	
20190521 000000 0.002076 0.0022 0.002038 0.00211	
20190520 000000 0.002103 0.002141 0.002053 0.002075	
20190519 000000 0.00214 0.002187 0.002063 0.0021	
20190518 000000 0.002151 0.002185 0.002083 0.00214	
20190517 000000 0.002127 0.00238 0.002026 0.002152	
20190516 000000 0.00231 0.002571 0.002126 0.002134	
20190515 000000 0.002451 0.0025 0.002239 0.002306	
20190514 000000 0.002396 0.002518 0.002288 0.002441	
20190513 000000 0.002429 0.002648 0.002343 0.002396	
