20190611 000000 2.356e-05 2.372e-05 2.146e-05 2.219e-05	
20190610 000000 2.342e-05 2.486e-05 2.119e-05 2.367e-05	
20190609 000000 2.52e-05 2.555e-05 2.28e-05 2.347e-05	
20190608 000000 2.148e-05 2.53e-05 2.019e-05 2.53e-05	
20190607 000000 2.013e-05 2.499e-05 2.013e-05 2.148e-05	
20190606 000000 1.768e-05 2.086e-05 1.7e-05 2.003e-05	
20190605 000000 1.838e-05 1.909e-05 1.582e-05 1.769e-05	
20190604 000000 2.01e-05 2.013e-05 1.8e-05 1.837e-05	
20190603 000000 2.161e-05 2.161e-05 1.906e-05 2.006e-05	
20190602 000000 1.749e-05 2.284e-05 1.749e-05 2.157e-05	
20190601 000000 1.819e-05 1.831e-05 1.692e-05 1.747e-05	
20190531 000000 1.769e-05 1.92e-05 1.745e-05 1.82e-05	
20190530 000000 1.807e-05 1.909e-05 1.7e-05 1.762e-05	
20190529 000000 1.851e-05 1.875e-05 1.715e-05 1.807e-05	
20190528 000000 1.798e-05 1.89e-05 1.733e-05 1.851e-05	
20190527 000000 1.98e-05 2.006e-05 1.691e-05 1.799e-05	
20190526 000000 1.958e-05 2.017e-05 1.926e-05 1.971e-05	
20190525 000000 1.962e-05 2.054e-05 1.897e-05 1.958e-05	
20190524 000000 1.952e-05 2.109e-05 1.936e-05 1.957e-05	
20190523 000000 1.956e-05 2.032e-05 1.896e-05 1.953e-05	
20190522 000000 1.998e-05 2.162e-05 1.859e-05 1.95e-05	
20190521 000000 2e-05 2.203e-05 1.95e-05 1.995e-05	
20190520 000000 2.123e-05 2.246e-05 1.964e-05 2.002e-05	
20190519 000000 2.147e-05 2.329e-05 2.03e-05 2.124e-05	
20190518 000000 2.196e-05 2.356e-05 2.007e-05 2.147e-05	
20190517 000000 2.086e-05 2.314e-05 1.97e-05 2.187e-05	
20190516 000000 2.094e-05 2.462e-05 1.893e-05 2.135e-05	
20190515 000000 2.166e-05 2.388e-05 1.731e-05 2.093e-05	
20190514 000000 2.382e-05 2.382e-05 2.002e-05 2.167e-05	
20190513 000000 2.405e-05 2.589e-05 2.136e-05 2.383e-05	
