20190611 000000 0.0004 0.000425 0.00039 0.000405	
20190610 000000 0.000401 0.000408 0.000376 0.0004	
20190609 000000 0.000398 0.000414 0.000386 0.000389	
20190608 000000 0.000375 0.000408 0.000368 0.000396	
20190607 000000 0.000364 0.000388 0.000351 0.000376	
20190606 000000 0.000363 0.000377 0.000355 0.000362	
20190605 000000 0.000371 0.000378 0.000351 0.000364	
20190604 000000 0.000387 0.000398 0.000353 0.000372	
20190603 000000 0.000375 0.000413 0.00037 0.000387	
20190602 000000 0.000354 0.000379 0.000352 0.000376	
20190601 000000 0.00036 0.00037 0.000344 0.000355	
20190531 000000 0.000344 0.00037 0.00034 0.00036	
20190530 000000 0.000375 0.000385 0.000341 0.000343	
20190529 000000 0.000374 0.000388 0.000343 0.000376	
20190528 000000 0.000342 0.000391 0.000335 0.000373	
20190527 000000 0.000396 0.000422 0.000337 0.000342	
20190526 000000 0.000374 0.000441 0.000364 0.000395	
20190525 000000 0.000379 0.000394 0.000348 0.000366	
20190524 000000 0.000369 0.000542 0.000364 0.000379	
20190523 000000 0.000334 0.000379 0.000321 0.000369	
20190522 000000 0.000312 0.000345 0.000306 0.000335	
20190521 000000 0.000297 0.000329 0.000291 0.000308	
20190520 000000 0.000304 0.00031 0.00029 0.000296	
20190519 000000 0.000324 0.000348 0.000301 0.000305	
20190518 000000 0.00034 0.000342 0.000309 0.000325	
20190517 000000 0.000284 0.000346 0.000279 0.00034	
20190516 000000 0.000315 0.000324 0.000281 0.000284	
20190515 000000 0.000323 0.000339 0.000301 0.000315	
20190514 000000 0.000325 0.000345 0.000284 0.000322	
20190513 000000 0.000341 0.000352 0.000297 0.000325	
