20190611 000000 0.000406 0.000427 0.000401 0.000418	
20190610 000000 0.000408 0.000443 0.000401 0.000407	
20190609 000000 0.00042 0.000436 0.000405 0.000405	
20190608 000000 0.000438 0.000481 0.000419 0.000419	
20190607 000000 0.000333 0.000529 0.000331 0.000436	
20190606 000000 0.000329 0.000334 0.000325 0.000332	
20190605 000000 0.000332 0.000351 0.000327 0.000329	
20190604 000000 0.000336 0.00035 0.000325 0.000333	
20190603 000000 0.000342 0.000359 0.000328 0.000335	
20190602 000000 0.000326 0.000343 0.000318 0.000343	
20190601 000000 0.000324 0.000336 0.00031 0.000326	
20190531 000000 0.000311 0.000328 0.000307 0.000324	
20190530 000000 0.000318 0.000337 0.000307 0.000311	
20190529 000000 0.000329 0.000333 0.000315 0.000318	
20190528 000000 0.000316 0.000349 0.000308 0.000329	
20190527 000000 0.000324 0.000326 0.000302 0.000315	
20190526 000000 0.000322 0.000353 0.000319 0.000324	
20190525 000000 0.000325 0.000328 0.000319 0.000324	
20190524 000000 0.000332 0.000341 0.000323 0.000326	
20190523 000000 0.00033 0.000338 0.000322 0.000332	
20190522 000000 0.000317 0.000357 0.000303 0.000331	
20190521 000000 0.000305 0.00034 0.0003 0.000317	
20190520 000000 0.000303 0.000314 0.000296 0.000302	
20190519 000000 0.000323 0.000324 0.0003 0.000301	
20190518 000000 0.000323 0.000334 0.000305 0.000323	
20190517 000000 0.000312 0.000335 0.000303 0.000319	
20190516 000000 0.000353 0.000372 0.000308 0.000308	
20190515 000000 0.000371 0.000374 0.000342 0.000354	
20190514 000000 0.000387 0.00039 0.000362 0.000372	
20190513 000000 0.000387 0.000408 0.000387 0.000388	
