20190611 000000 0.00019405 0.00019926 0.0001899 0.00019859	
20190610 000000 0.00019528 0.00020106 0.00018495 0.00019417	
20190609 000000 0.00021 0.00021295 0.00019324 0.00019534	
20190608 000000 0.0001869 0.00021893 0.00018577 0.00020932	
20190607 000000 0.00018141 0.00018867 0.0001783 0.00018688	
20190606 000000 0.00017917 0.00018723 0.00017599 0.00018137	
20190605 000000 0.00018339 0.00018722 0.00017612 0.00017917	
20190604 000000 0.00019937 0.00020021 0.00017505 0.00018323	
20190603 000000 0.00019875 0.00021537 0.00019533 0.00019871	
20190602 000000 0.0001923 0.00021003 0.00018626 0.00019912	
20190601 000000 0.00019925 0.00020805 0.00018588 0.00019363	
20190531 000000 0.00019096 0.00020977 0.00018448 0.00019829	
20190530 000000 0.00020177 0.00020839 0.00018268 0.00019098	
20190529 000000 0.0002226 0.0002379 0.00019542 0.00020247	
20190528 000000 0.00017565 0.00025041 0.0001728 0.00022211	
20190527 000000 0.00021092 0.00022107 0.000175 0.0001764	
20190526 000000 0.00021008 0.00021803 0.00019597 0.00021238	
20190525 000000 0.00022437 0.00023268 0.00019741 0.00020948	
20190524 000000 0.00029949 0.00035201 0.00021928 0.00022417	
20190523 000000 0.00019405 0.00033498 0.00018849 0.00029951	
20190522 000000 0.00015991 0.00023115 0.00015991 0.00019201	
20190521 000000 0.00014457 0.00018834 0.00014426 0.00016053	
20190520 000000 0.00014229 0.00015513 0.00013637 0.00014472	
20190519 000000 0.00014851 0.00015522 0.00013775 0.00014228	
20190518 000000 0.00013945 0.00015423 0.00013594 0.00014863	
20190517 000000 0.00012947 0.00017394 0.00012947 0.00013945	
20190516 000000 0.00014989 0.00016702 0.00012922 0.00012928	
20190515 000000 0.00017629 0.00017629 0.00014268 0.00014794	
20190514 000000 0.0001634 0.00018812 0.00014658 0.00016703	
20190513 000000 0.00017867 0.00018734 0.00015903 0.00017022	
