20190611 000000 0.024513 0.024859 0.024 0.024293	
20190610 000000 0.024993 0.025419 0.0233 0.024513	
20190609 000000 0.024722 0.025513 0.024597 0.024953	
20190608 000000 0.026045 0.026057 0.0245 0.024717	
20190607 000000 0.023909 0.02635 0.023825 0.026054	
20190606 000000 0.023821 0.025201 0.023299 0.023896	
20190605 000000 0.025399 0.027448 0.023621 0.023824	
20190604 000000 0.026481 0.028 0.025387 0.025411	
20190603 000000 0.022195 0.026703 0.021862 0.026566	
20190602 000000 0.021686 0.022204 0.021044 0.022121	
20190601 000000 0.021996 0.023549 0.021445 0.021655	
20190531 000000 0.020558 0.02389 0.020306 0.021994	
20190530 000000 0.017389 0.023186 0.017302 0.02057	
20190529 000000 0.017068 0.017974 0.016939 0.01738	
20190528 000000 0.016847 0.017496 0.01668 0.01707	
20190527 000000 0.017355 0.0176 0.016634 0.016837	
20190526 000000 0.01767 0.017797 0.017162 0.017364	
20190525 000000 0.018185 0.01897 0.017572 0.017681	
20190524 000000 0.017613 0.018921 0.017146 0.018282	
20190523 000000 0.017692 0.018429 0.017 0.017611	
20190522 000000 0.018441 0.019666 0.017442 0.017698	
20190521 000000 0.019125 0.019535 0.017948 0.018422	
20190520 000000 0.019668 0.019953 0.0184 0.019111	
20190519 000000 0.020729 0.021041 0.01898 0.019678	
20190518 000000 0.018959 0.020719 0.017882 0.020719	
20190517 000000 0.015589 0.022017 0.015449 0.019011	
20190516 000000 0.018117 0.019259 0.015512 0.015579	
20190515 000000 0.019087 0.019228 0.017574 0.018132	
20190514 000000 0.019751 0.020415 0.018512 0.019085	
20190513 000000 0.020364 0.022306 0.019634 0.019765	
