20190611 000000 0.001371 0.00137865 0.00131943 0.00134699	
20190610 000000 0.00138304 0.00140393 0.00135378 0.00137469	
20190609 000000 0.00136762 0.00143257 0.00135092 0.00138379	
20190608 000000 0.00138082 0.00140592 0.00134805 0.00136813	
20190607 000000 0.00132775 0.00138594 0.00130776 0.00137916	
20190606 000000 0.00133497 0.00136151 0.00132059 0.00132678	
20190605 000000 0.00142518 0.00142923 0.00132925 0.00133572	
20190604 000000 0.00134051 0.00143257 0.00131804 0.00142702	
20190603 000000 0.00134659 0.0013696 0.00130454 0.00134218	
20190602 000000 0.00130009 0.00137031 0.0012945 0.00134518	
20190601 000000 0.0013304 0.00133679 0.00126828 0.00129993	
20190531 000000 0.00129899 0.00134166 0.00126914 0.00133118	
20190530 000000 0.0013306 0.00137568 0.00126093 0.00130043	
20190529 000000 0.00134892 0.00137095 0.00131169 0.00133002	
20190528 000000 0.00137996 0.00141815 0.0013438 0.00134921	
20190527 000000 0.00139634 0.00144741 0.0013063 0.00137214	
20190526 000000 0.00138062 0.00144841 0.00137237 0.00139539	
20190525 000000 0.00138118 0.00143577 0.00135106 0.00138046	
20190524 000000 0.00140201 0.00146088 0.00137508 0.00138031	
20190523 000000 0.00142311 0.00145523 0.00137657 0.00140244	
20190522 000000 0.00147937 0.00149248 0.00140229 0.00142185	
20190521 000000 0.00146339 0.00150597 0.0013858 0.00147777	
20190520 000000 0.00151012 0.00153063 0.00144686 0.00146384	
20190519 000000 0.00161757 0.00164764 0.00149589 0.00151015	
20190518 000000 0.00151048 0.00171611 0.00149261 0.00161564	
20190517 000000 0.00142414 0.00156709 0.00140649 0.00151558	
20190516 000000 0.0016415 0.00166097 0.00140702 0.00140842	
20190515 000000 0.00174385 0.00175331 0.0015897 0.00164589	
20190514 000000 0.00178068 0.00182449 0.00170149 0.00174218	
20190513 000000 0.00184565 0.00193653 0.0017619 0.00178308	
