20190611 000000 5.637e-05 5.658e-05 5.183e-05 5.379e-05	
20190610 000000 6.518e-05 6.613e-05 5.278e-05 5.647e-05	
20190609 000000 5.49e-05 7.11e-05 5.469e-05 6.482e-05	
20190608 000000 5.363e-05 5.586e-05 5.031e-05 5.49e-05	
20190607 000000 5.395e-05 5.468e-05 5.118e-05 5.359e-05	
20190606 000000 5.341e-05 5.468e-05 4.943e-05 5.424e-05	
20190605 000000 5.849e-05 5.865e-05 5.118e-05 5.338e-05	
20190604 000000 4.708e-05 6e-05 4.692e-05 5.847e-05	
20190603 000000 4.688e-05 4.721e-05 4.442e-05 4.652e-05	
20190602 000000 4.487e-05 5.051e-05 4.247e-05 4.689e-05	
20190601 000000 4.578e-05 4.579e-05 4.23e-05 4.49e-05	
20190531 000000 4.323e-05 5.6e-05 4.111e-05 4.574e-05	
20190530 000000 4.827e-05 4.9e-05 3.576e-05 4.327e-05	
20190529 000000 5.155e-05 5.594e-05 4.6e-05 4.833e-05	
20190528 000000 4.694e-05 7.2e-05 4.667e-05 5.149e-05	
20190527 000000 5.116e-05 5.165e-05 4.329e-05 4.694e-05	
20190526 000000 5.169e-05 5.287e-05 5e-05 5.091e-05	
20190525 000000 5.311e-05 5.385e-05 4.89e-05 5.169e-05	
20190524 000000 6.057e-05 6.057e-05 5e-05 5.291e-05	
20190523 000000 4.554e-05 0.00010517 4.55e-05 6.046e-05	
20190522 000000 5.025e-05 5.298e-05 4.58e-05 4.58e-05	
20190521 000000 5.796e-05 5.931e-05 4.796e-05 5.023e-05	
20190520 000000 7.487e-05 8.039e-05 5.688e-05 5.899e-05	
20190519 000000 7.851e-05 8.22e-05 7.176e-05 7.535e-05	
20190518 000000 8.38e-05 8.417e-05 7.73e-05 7.871e-05	
20190517 000000 7.379e-05 8.5e-05 7e-05 8.379e-05	
20190516 000000 8.097e-05 8.416e-05 6.755e-05 7.358e-05	
20190515 000000 9.285e-05 9.542e-05 7.884e-05 8.102e-05	
20190514 000000 9.724e-05 9.875e-05 7.723e-05 9.285e-05	
20190513 000000 9.461e-05 0.0001036 9e-05 9.763e-05	
