20190611 000000 0.00012667 0.0001295 0.0001238 0.0001293	
20190610 000000 0.00013251 0.00013582 0.00012245 0.00012668	
20190609 000000 0.00013964 0.00015554 0.000128 0.00013272	
20190608 000000 0.00012013 0.00014625 0.00011646 0.0001386	
20190607 000000 0.00012461 0.00013183 0.00011547 0.00012071	
20190606 000000 0.00011985 0.00012465 0.00011621 0.00012449	
20190605 000000 0.00012016 0.00012448 0.00011426 0.00012041	
20190604 000000 0.00012372 0.00012967 0.0001172 0.00011892	
20190603 000000 0.00012067 0.000132 0.00011792 0.00012371	
20190602 000000 0.00011491 0.00012425 0.00011291 0.00012339	
20190601 000000 0.00011871 0.00011909 0.00011215 0.00011645	
20190531 000000 0.0001123 0.00012346 0.00011057 0.00011848	
20190530 000000 0.00011388 0.00011736 0.00011 0.00011217	
20190529 000000 0.00011727 0.00012261 0.00011021 0.00011509	
20190528 000000 0.00012023 0.0001276 0.00011252 0.00011704	
20190527 000000 0.00012649 0.00012729 0.00011 0.00012033	
20190526 000000 0.00012635 0.00012729 0.0001243 0.0001259	
20190525 000000 0.00012546 0.00012729 0.00012451 0.00012638	
20190524 000000 0.00012722 0.0001292 0.00012415 0.00012543	
20190523 000000 0.00012411 0.0001296 0.00012353 0.00012694	
20190522 000000 0.00013588 0.00013653 0.00011663 0.00012418	
20190521 000000 0.000129 0.00013639 0.00012838 0.00013582	
20190520 000000 0.00012892 0.00012932 0.000127 0.00012888	
20190519 000000 0.00013258 0.00013297 0.00012813 0.00012864	
20190518 000000 0.00012391 0.00013442 0.0001167 0.00013231	
20190517 000000 0.00011349 0.00012522 0.00011262 0.00012374	
20190516 000000 0.00012466 0.00014149 0.00011257 0.00011301	
20190515 000000 0.0001386 0.00014366 0.00012378 0.00012497	
20190514 000000 0.00014775 0.00014775 0.0001386 0.00013869	
20190513 000000 0.00016235 0.0001627 0.00014283 0.00014776	
