20190611 000000 0.001088 0.001193 0.001088 0.001172	
20190610 000000 0.001054 0.001194 0.001046 0.001092	
20190609 000000 0.00105 0.001063 0.001032 0.001053	
20190608 000000 0.001031 0.001055 0.001025 0.001048	
20190607 000000 0.001045 0.001061 0.000988 0.00103	
20190606 000000 0.001062 0.001077 0.001037 0.001048	
20190605 000000 0.001064 0.001102 0.001038 0.001059	
20190604 000000 0.001061 0.001077 0.001031 0.001063	
20190603 000000 0.0011 0.001108 0.001051 0.001051	
20190602 000000 0.001126 0.001129 0.00108 0.001096	
20190601 000000 0.001176 0.001182 0.001116 0.001132	
20190531 000000 0.001165 0.001295 0.001145 0.001177	
20190530 000000 0.001207 0.001211 0.001134 0.001172	
20190529 000000 0.001249 0.001266 0.001203 0.001203	
20190528 000000 0.001275 0.001309 0.001229 0.001247	
20190527 000000 0.001366 0.001366 0.001258 0.001278	
20190526 000000 0.001452 0.001475 0.00133 0.001379	
20190525 000000 0.001422 0.001525 0.00138 0.001448	
20190524 000000 0.001359 0.001592 0.001358 0.001413	
20190523 000000 0.001261 0.001419 0.00125 0.001347	
20190522 000000 0.001319 0.001341 0.001237 0.001253	
20190521 000000 0.001334 0.00139 0.0012 0.001314	
20190520 000000 0.001261 0.001422 0.001216 0.001327	
20190519 000000 0.001267 0.001323 0.001215 0.001263	
20190518 000000 0.001222 0.001336 0.001185 0.00127	
20190517 000000 0.001155 0.001233 0.001112 0.001229	
20190516 000000 0.001344 0.001527 0.001147 0.001147	
20190515 000000 0.00148 0.001626 0.0013 0.001341	
20190514 000000 0.001434 0.001611 0.001314 0.00148	
20190513 000000 0.001433 0.001537 0.00141 0.001436	
