20190611 000000 3.73e-06 3.9e-06 3.72e-06 3.79e-06	
20190610 000000 3.95e-06 4.1e-06 3.46e-06 3.72e-06	
20190609 000000 4.13e-06 4.15e-06 3.84e-06 3.95e-06	
20190608 000000 4.06e-06 4.17e-06 3.88e-06 4.13e-06	
20190607 000000 3.76e-06 4.26e-06 3.72e-06 4.07e-06	
20190606 000000 3.36e-06 3.79e-06 3.31e-06 3.76e-06	
20190605 000000 3.34e-06 3.43e-06 3.24e-06 3.35e-06	
20190604 000000 3.49e-06 3.67e-06 3.15e-06 3.33e-06	
20190603 000000 3.63e-06 3.68e-06 3.41e-06 3.47e-06	
20190602 000000 3.71e-06 3.75e-06 3.54e-06 3.63e-06	
20190601 000000 3.77e-06 3.78e-06 3.58e-06 3.71e-06	
20190531 000000 3.78e-06 3.86e-06 3.66e-06 3.78e-06	
20190530 000000 4.13e-06 4.14e-06 3.67e-06 3.78e-06	
20190529 000000 4.17e-06 4.2e-06 4e-06 4.13e-06	
20190528 000000 3.86e-06 4.36e-06 3.8e-06 4.17e-06	
20190527 000000 4.04e-06 4.11e-06 3.77e-06 3.86e-06	
20190526 000000 4.18e-06 4.21e-06 3.92e-06 4.04e-06	
20190525 000000 3.9e-06 4.38e-06 3.8e-06 4.21e-06	
20190524 000000 3.97e-06 4.09e-06 3.8e-06 3.91e-06	
20190523 000000 3.86e-06 4.2e-06 3.72e-06 3.97e-06	
20190522 000000 4.05e-06 4.06e-06 3.68e-06 3.86e-06	
20190521 000000 4.03e-06 4.15e-06 3.81e-06 4.05e-06	
20190520 000000 3.99e-06 4.18e-06 3.75e-06 4.02e-06	
20190519 000000 4.21e-06 4.46e-06 3.83e-06 3.98e-06	
20190518 000000 4.51e-06 4.57e-06 3.97e-06 4.22e-06	
20190517 000000 3.82e-06 4.59e-06 3.71e-06 4.49e-06	
20190516 000000 4.5e-06 4.94e-06 3.77e-06 3.78e-06	
20190515 000000 4.89e-06 4.89e-06 4.16e-06 4.49e-06	
20190514 000000 5.34e-06 6.39e-06 4.5e-06 4.88e-06	
20190513 000000 5.1e-06 6.01e-06 5.01e-06 5.33e-06	
