20190611 000000 0.00026584 0.00026882 0.000255 0.00025665	
20190610 000000 0.00025825 0.00027448 0.00025262 0.00026584	
20190609 000000 0.00025884 0.0002602 0.00025319 0.00025837	
20190608 000000 0.0002621 0.00027857 0.00025763 0.00025886	
20190607 000000 0.00024374 0.00027321 0.00023791 0.00026215	
20190606 000000 0.00023287 0.00024429 0.00023233 0.00024374	
20190605 000000 0.00024199 0.00024527 0.00023197 0.00023276	
20190604 000000 0.00024884 0.00025663 0.00023098 0.00024199	
20190603 000000 0.00023701 0.00025839 0.00023407 0.00024909	
20190602 000000 0.00023593 0.00024429 0.00023287 0.0002376	
20190601 000000 0.00023831 0.00024575 0.000231 0.00023578	
20190531 000000 0.00022655 0.00024137 0.00022589 0.00023861	
20190530 000000 0.00023302 0.00024405 0.000225 0.00022667	
20190529 000000 0.00024113 0.00024444 0.00023001 0.00023268	
20190528 000000 0.00024261 0.000265 0.00023521 0.00024109	
20190527 000000 0.00025687 0.00026041 0.00023097 0.00024393	
20190526 000000 0.00025544 0.00026456 0.00024689 0.000257	
20190525 000000 0.00026674 0.00026863 0.00025 0.00025571	
20190524 000000 0.00026879 0.00029 0.00026267 0.00026641	
20190523 000000 0.00026099 0.00028182 0.00025048 0.00026949	
20190522 000000 0.00024356 0.00026219 0.00024063 0.00025925	
20190521 000000 0.00024173 0.00026399 0.00024007 0.00024378	
20190520 000000 0.00024653 0.00025123 0.000235 0.00024149	
20190519 000000 0.00023166 0.00027525 0.00022031 0.00024664	
20190518 000000 0.0002396 0.00024161 0.00022658 0.00023129	
20190517 000000 0.00023017 0.00024249 0.0002165 0.00023913	
20190516 000000 0.00025234 0.00031975 0.00022616 0.00022818	
20190515 000000 0.00025352 0.00027201 0.00024 0.00025086	
20190514 000000 0.00026679 0.00028374 0.00022855 0.00025529	
20190513 000000 0.00025747 0.00029805 0.00025037 0.00026686	
