20190611 000000 2.547e-05 2.559e-05 2.4e-05 2.482e-05	
20190610 000000 2.691e-05 2.704e-05 2.497e-05 2.548e-05	
20190609 000000 2.601e-05 3.266e-05 2.548e-05 2.684e-05	
20190608 000000 2.928e-05 2.931e-05 2.394e-05 2.594e-05	
20190607 000000 2.82e-05 2.96e-05 2.788e-05 2.927e-05	
20190606 000000 2.828e-05 2.985e-05 2.781e-05 2.799e-05	
20190605 000000 2.77e-05 2.865e-05 2.747e-05 2.828e-05	
20190604 000000 2.964e-05 2.986e-05 2.733e-05 2.771e-05	
20190603 000000 2.795e-05 3.139e-05 2.792e-05 2.966e-05	
20190602 000000 2.853e-05 2.866e-05 2.781e-05 2.795e-05	
20190601 000000 2.934e-05 3e-05 2.795e-05 2.855e-05	
20190531 000000 2.824e-05 2.946e-05 2.806e-05 2.934e-05	
20190530 000000 2.832e-05 2.851e-05 2.759e-05 2.827e-05	
20190529 000000 2.863e-05 2.928e-05 2.773e-05 2.832e-05	
20190528 000000 2.768e-05 2.97e-05 2.718e-05 2.863e-05	
20190527 000000 2.799e-05 2.844e-05 2.725e-05 2.761e-05	
20190526 000000 2.827e-05 2.833e-05 2.729e-05 2.798e-05	
20190525 000000 2.893e-05 2.912e-05 2.78e-05 2.827e-05	
20190524 000000 2.684e-05 2.998e-05 2.658e-05 2.891e-05	
20190523 000000 2.563e-05 2.758e-05 2.545e-05 2.7e-05	
20190522 000000 2.654e-05 2.739e-05 2.535e-05 2.563e-05	
20190521 000000 2.852e-05 3.169e-05 2.46e-05 2.686e-05	
20190520 000000 2.613e-05 2.859e-05 2.517e-05 2.857e-05	
20190519 000000 2.49e-05 2.714e-05 2.428e-05 2.592e-05	
20190518 000000 2.51e-05 2.641e-05 2.399e-05 2.498e-05	
20190517 000000 2.585e-05 2.782e-05 2.459e-05 2.52e-05	
20190516 000000 2.541e-05 2.825e-05 2.38e-05 2.588e-05	
20190515 000000 2.693e-05 2.756e-05 2.468e-05 2.543e-05	
20190514 000000 2.897e-05 3.05e-05 2.521e-05 2.698e-05	
20190513 000000 2.974e-05 3.15e-05 2.8e-05 2.895e-05	
