20190611 000000 0.00057045 0.00058553 0.00055584 0.00057096	
20190610 000000 0.00053725 0.00062227 0.00053501 0.00056814	
20190609 000000 0.00054426 0.00055914 0.000535 0.00053862	
20190608 000000 0.00054842 0.00055965 0.00053856 0.00054283	
20190607 000000 0.00054253 0.0005694 0.00053897 0.00054823	
20190606 000000 0.00057317 0.00060025 0.00053715 0.00054098	
20190605 000000 0.00056555 0.00061469 0.00053701 0.00057283	
20190604 000000 0.00048948 0.0005793 0.00046734 0.00056682	
20190603 000000 0.00049312 0.00053701 0.0004784 0.00048982	
20190602 000000 0.0004913 0.00050536 0.00048952 0.00049262	
20190601 000000 0.00049134 0.00051043 0.00048177 0.00049081	
20190531 000000 0.000483 0.0005129 0.00047562 0.00049078	
20190530 000000 0.00049239 0.00050504 0.00046575 0.00048428	
20190529 000000 0.00046425 0.0005129 0.0004558 0.0004923	
20190528 000000 0.00047387 0.00049 0.00045724 0.00046448	
20190527 000000 0.000476 0.00047945 0.00045823 0.00047551	
20190526 000000 0.00048048 0.0004825 0.0004711 0.0004745	
20190525 000000 0.00047125 0.00050299 0.00047057 0.00047765	
20190524 000000 0.00047105 0.00048198 0.00046761 0.00047286	
20190523 000000 0.00046696 0.0004793 0.00046216 0.00046996	
20190522 000000 0.00046694 0.000513 0.00045921 0.00046687	
20190521 000000 0.00047397 0.00048519 0.00046352 0.00046691	
20190520 000000 0.00047956 0.00049262 0.0004654 0.00047576	
20190519 000000 0.00048515 0.0004986 0.00047307 0.00047877	
20190518 000000 0.00049571 0.00050191 0.00048402 0.00048787	
20190517 000000 0.00050713 0.00052084 0.00047582 0.00049473	
20190516 000000 0.00055472 0.0005943 0.00048402 0.00050695	
20190515 000000 0.00054348 0.00062295 0.000515 0.00055691	
20190514 000000 0.00052903 0.0005503 0.00051453 0.00054118	
20190513 000000 0.00052952 0.00054994 0.00052134 0.00052838	
