20190611 000000 0.00025344 0.00025423 0.00024298 0.00025104	
20190610 000000 0.00025593 0.0002652 0.00025208 0.00025392	
20190609 000000 0.00025465 0.00025877 0.00025387 0.00025589	
20190608 000000 0.00025243 0.0002573 0.000252 0.00025465	
20190607 000000 0.00024483 0.00025632 0.00024329 0.00025236	
20190606 000000 0.00024231 0.00024794 0.00023927 0.00024479	
20190605 000000 0.00024698 0.00024885 0.00023932 0.00024169	
20190604 000000 0.00025301 0.00025536 0.00024302 0.00024698	
20190603 000000 0.00025658 0.00025808 0.00024873 0.00025296	
20190602 000000 0.00025731 0.00026254 0.00025399 0.0002566	
20190601 000000 0.00025986 0.00026225 0.00025345 0.00025731	
20190531 000000 0.00025041 0.00026649 0.00024998 0.00025957	
20190530 000000 0.0002592 0.00026177 0.00024858 0.00025001	
20190529 000000 0.00025744 0.00026136 0.00025049 0.00025891	
20190528 000000 0.00026087 0.00026624 0.00025662 0.00025754	
20190527 000000 0.0002601 0.00026499 0.00025541 0.00026101	
20190526 000000 0.00026234 0.00026681 0.00025713 0.0002601	
20190525 000000 0.00025618 0.00027137 0.00025502 0.0002627	
20190524 000000 0.00025741 0.00026003 0.00025318 0.00025615	
20190523 000000 0.00025759 0.000266 0.00025495 0.00025682	
20190522 000000 0.00026113 0.00026162 0.00025093 0.00025732	
20190521 000000 0.00026152 0.00026525 0.00025641 0.00026064	
20190520 000000 0.00026579 0.00027238 0.00025828 0.00026126	
20190519 000000 0.00026821 0.00027116 0.0002629 0.00026508	
20190518 000000 0.00026714 0.00027656 0.00026141 0.00026777	
20190517 000000 0.00027674 0.00028048 0.00025565 0.00026734	
20190516 000000 0.00026946 0.00029285 0.00026591 0.00027297	
20190515 000000 0.00028887 0.00029158 0.00026875 0.00027018	
20190514 000000 0.00028524 0.00029315 0.00027539 0.00028914	
20190513 000000 0.00029016 0.000295 0.00028056 0.00028539	
