20190611 000000 5.03e-06 5.07e-06 4.83e-06 4.88e-06	
20190610 000000 5.21e-06 5.23e-06 4.93e-06 5.03e-06	
20190609 000000 5.23e-06 5.3e-06 5.17e-06 5.21e-06	
20190608 000000 5.33e-06 5.39e-06 5.17e-06 5.23e-06	
20190607 000000 5.09e-06 5.39e-06 5.03e-06 5.33e-06	
20190606 000000 5.18e-06 5.42e-06 5.02e-06 5.1e-06	
20190605 000000 5.6e-06 5.63e-06 5.15e-06 5.18e-06	
20190604 000000 5.93e-06 6.08e-06 5.39e-06 5.59e-06	
20190603 000000 6.21e-06 6.21e-06 5.81e-06 5.93e-06	
20190602 000000 6.25e-06 6.52e-06 6.12e-06 6.19e-06	
20190601 000000 5.82e-06 6.38e-06 5.72e-06 6.24e-06	
20190531 000000 5.9e-06 6.11e-06 5.45e-06 5.81e-06	
20190530 000000 6.31e-06 6.4e-06 5.77e-06 5.91e-06	
20190529 000000 6.28e-06 6.7e-06 6.11e-06 6.3e-06	
20190528 000000 5.96e-06 6.83e-06 5.58e-06 6.28e-06	
20190527 000000 5.38e-06 6.2e-06 4.83e-06 5.97e-06	
20190526 000000 4.89e-06 5.65e-06 4.76e-06 5.38e-06	
20190525 000000 5.09e-06 5.2e-06 4.86e-06 4.89e-06	
20190524 000000 4.8e-06 5.49e-06 4.8e-06 5.09e-06	
20190523 000000 4.41e-06 4.89e-06 4.2e-06 4.78e-06	
20190522 000000 4.91e-06 5.06e-06 4.34e-06 4.42e-06	
20190521 000000 4.05e-06 5.36e-06 4.03e-06 4.9e-06	
20190520 000000 4.26e-06 4.36e-06 3.97e-06 4.05e-06	
20190519 000000 4.37e-06 4.83e-06 3.92e-06 4.26e-06	
20190518 000000 3.44e-06 4.75e-06 3.42e-06 4.37e-06	
20190517 000000 3.23e-06 3.57e-06 3.19e-06 3.44e-06	
20190516 000000 3.5e-06 3.64e-06 3.19e-06 3.2e-06	
20190515 000000 3.96e-06 3.96e-06 3.41e-06 3.51e-06	
20190514 000000 3.6e-06 4.19e-06 3.49e-06 3.95e-06	
20190513 000000 3.42e-06 3.93e-06 3.42e-06 3.58e-06	
