20190611 000000 3.141e-05 3.805e-05 2.818e-05 3.066e-05	
20190610 000000 2.993e-05 3.333e-05 2.736e-05 3.14e-05	
20190609 000000 3.643e-05 3.66e-05 2.934e-05 3.001e-05	
20190608 000000 2.396e-05 4.874e-05 2.393e-05 3.676e-05	
20190607 000000 2.282e-05 2.422e-05 2.27e-05 2.395e-05	
20190606 000000 2.219e-05 2.4e-05 2.118e-05 2.282e-05	
20190605 000000 2.195e-05 2.417e-05 2e-05 2.219e-05	
20190604 000000 2.58e-05 2.58e-05 2.133e-05 2.2e-05	
20190603 000000 2.629e-05 2.81e-05 2.463e-05 2.564e-05	
20190602 000000 2.593e-05 2.94e-05 2.583e-05 2.632e-05	
20190601 000000 2.299e-05 2.981e-05 2.163e-05 2.592e-05	
20190531 000000 1.603e-05 2.298e-05 1.542e-05 2.291e-05	
20190530 000000 1.601e-05 1.717e-05 1.487e-05 1.606e-05	
20190529 000000 1.561e-05 1.717e-05 1.5e-05 1.603e-05	
20190528 000000 1.603e-05 1.665e-05 1.513e-05 1.561e-05	
20190527 000000 1.662e-05 1.75e-05 1.573e-05 1.603e-05	
20190526 000000 1.648e-05 1.788e-05 1.631e-05 1.662e-05	
20190525 000000 1.628e-05 1.704e-05 1.588e-05 1.656e-05	
20190524 000000 1.703e-05 1.703e-05 1.601e-05 1.633e-05	
20190523 000000 1.711e-05 1.744e-05 1.545e-05 1.702e-05	
20190522 000000 1.998e-05 2.063e-05 1.646e-05 1.707e-05	
20190521 000000 2.196e-05 2.235e-05 1.995e-05 1.999e-05	
20190520 000000 2.021e-05 2.303e-05 2.004e-05 2.19e-05	
20190519 000000 1.948e-05 2.266e-05 1.668e-05 2.023e-05	
20190518 000000 1.643e-05 2.524e-05 1.617e-05 1.953e-05	
20190517 000000 1.434e-05 1.81e-05 1.347e-05 1.655e-05	
20190516 000000 1.574e-05 1.719e-05 1.362e-05 1.434e-05	
20190515 000000 1.674e-05 1.813e-05 1.467e-05 1.562e-05	
20190514 000000 1.956e-05 1.956e-05 1.563e-05 1.657e-05	
20190513 000000 2.201e-05 2.349e-05 1.8e-05 1.96e-05	
