20190611 000000 2.65e-05 2.685e-05 2.507e-05 2.564e-05	
20190610 000000 2.77e-05 2.771e-05 2.52e-05 2.674e-05	
20190609 000000 2.507e-05 2.828e-05 2.503e-05 2.758e-05	
20190608 000000 2.546e-05 2.546e-05 2.413e-05 2.507e-05	
20190607 000000 2.528e-05 2.652e-05 2.498e-05 2.547e-05	
20190606 000000 2.414e-05 2.573e-05 2.342e-05 2.526e-05	
20190605 000000 2.481e-05 2.518e-05 2.359e-05 2.414e-05	
20190604 000000 2.366e-05 2.547e-05 2.265e-05 2.472e-05	
20190603 000000 2.403e-05 2.413e-05 2.243e-05 2.366e-05	
20190602 000000 2.416e-05 2.504e-05 2.359e-05 2.394e-05	
20190601 000000 2.372e-05 2.484e-05 2.264e-05 2.373e-05	
20190531 000000 2.387e-05 2.564e-05 2.25e-05 2.338e-05	
20190530 000000 2.386e-05 2.423e-05 2.249e-05 2.385e-05	
20190529 000000 2.43e-05 2.549e-05 2.266e-05 2.363e-05	
20190528 000000 2.431e-05 2.494e-05 2.326e-05 2.432e-05	
20190527 000000 2.524e-05 2.574e-05 2.394e-05 2.421e-05	
20190526 000000 2.543e-05 2.622e-05 2.508e-05 2.559e-05	
20190525 000000 2.706e-05 2.706e-05 2.541e-05 2.542e-05	
20190524 000000 2.834e-05 2.834e-05 2.559e-05 2.706e-05	
20190523 000000 2.442e-05 3.099e-05 2.432e-05 2.797e-05	
20190522 000000 2.413e-05 2.545e-05 2.376e-05 2.44e-05	
20190521 000000 2.373e-05 2.495e-05 2.294e-05 2.412e-05	
20190520 000000 2.391e-05 2.502e-05 2.34e-05 2.373e-05	
20190519 000000 2.503e-05 2.541e-05 2.339e-05 2.393e-05	
20190518 000000 2.602e-05 2.602e-05 2.285e-05 2.504e-05	
20190517 000000 2.211e-05 2.63e-05 2.211e-05 2.596e-05	
20190516 000000 2.592e-05 2.707e-05 2.193e-05 2.193e-05	
20190515 000000 2.671e-05 2.76e-05 2.444e-05 2.592e-05	
20190514 000000 2.904e-05 3.071e-05 2.602e-05 2.682e-05	
20190513 000000 2.991e-05 3.017e-05 2.82e-05 2.903e-05	
