20190611 000000 0.00015946 0.00015947 0.00014779 0.00015081	
20190610 000000 0.00014903 0.00016094 0.00014318 0.00015945	
20190609 000000 0.00015173 0.00015337 0.00014705 0.00014908	
20190608 000000 0.00014395 0.00015204 0.00014338 0.00015181	
20190607 000000 0.00013862 0.00014453 0.00013657 0.00014402	
20190606 000000 0.00013686 0.00014184 0.00013575 0.00013855	
20190605 000000 0.00014058 0.00014405 0.00013661 0.00013685	
20190604 000000 0.00013997 0.00014246 0.00013171 0.00014056	
20190603 000000 0.00014567 0.00014594 0.00013833 0.00014007	
20190602 000000 0.00014598 0.00014658 0.00014064 0.00014558	
20190601 000000 0.0001523 0.00015389 0.00014409 0.00014557	
20190531 000000 0.00015371 0.00015726 0.00015016 0.0001523	
20190530 000000 0.00016134 0.00016276 0.00015233 0.00015347	
20190529 000000 0.00016408 0.0001702 0.00015894 0.00016132	
20190528 000000 0.00016518 0.0001674 0.00015896 0.00016468	
20190527 000000 0.00016836 0.00017609 0.00015678 0.00016512	
20190526 000000 0.00015901 0.00016949 0.00015686 0.00016831	
20190525 000000 0.00016394 0.00018137 0.00015777 0.00015912	
20190524 000000 0.00016289 0.00017175 0.0001565 0.00016408	
20190523 000000 0.00015904 0.00016355 0.00015591 0.00016296	
20190522 000000 0.00015554 0.0001608 0.00015018 0.0001583	
20190521 000000 0.00015285 0.00015975 0.0001471 0.00015556	
20190520 000000 0.00015206 0.00015453 0.00014931 0.00015285	
20190519 000000 0.00015917 0.00016094 0.00015047 0.00015215	
20190518 000000 0.00016156 0.00017679 0.00015611 0.00015907	
20190517 000000 0.00014724 0.00016257 0.00014049 0.00016099	
20190516 000000 0.00016634 0.00017294 0.00014614 0.00014721	
20190515 000000 0.00017498 0.0001841 0.00016427 0.0001659	
20190514 000000 0.00017272 0.00017651 0.0001626 0.00017497	
20190513 000000 0.00017625 0.00017912 0.00017059 0.00017059	
