20190611 000000 7.997e-07 8.395e-07 7.549e-07 8.19e-07	
20190610 000000 8.94e-07 9.105e-07 7.518e-07 8e-07	
20190609 000000 1.066e-06 1.15e-06 8.785e-07 8.92e-07	
20190608 000000 8.799e-07 1.102e-06 8.68e-07 1.065e-06	
20190607 000000 8.397e-07 1.0008e-06 7.388e-07 8.791e-07	
20190606 000000 6.77e-07 8.504e-07 6.575e-07 8.412e-07	
20190605 000000 6.361e-07 6.981e-07 6.27e-07 6.775e-07	
20190604 000000 6.626e-07 6.7e-07 6.24e-07 6.363e-07	
20190603 000000 6.525e-07 6.68e-07 6.2e-07 6.65e-07	
20190602 000000 6.74e-07 6.78e-07 6.387e-07 6.525e-07	
20190601 000000 6.762e-07 6.935e-07 6.525e-07 6.74e-07	
20190531 000000 6.669e-07 7.06e-07 6.57e-07 6.769e-07	
20190530 000000 6.722e-07 6.816e-07 6.464e-07 6.678e-07	
20190529 000000 6.812e-07 7.499e-07 6.517e-07 6.722e-07	
20190528 000000 7.109e-07 7.262e-07 6.541e-07 6.814e-07	
20190527 000000 7.79e-07 7.829e-07 7.077e-07 7.1e-07	
20190526 000000 7.613e-07 8.8e-07 7.449e-07 7.788e-07	
20190525 000000 7.742e-07 8.02e-07 7.435e-07 7.589e-07	
20190524 000000 7.25e-07 7.8e-07 7.246e-07 7.75e-07	
20190523 000000 7.15e-07 7.819e-07 6.834e-07 7.252e-07	
20190522 000000 7.63e-07 7.703e-07 6.92e-07 7.15e-07	
20190521 000000 7.52e-07 7.78e-07 6.901e-07 7.61e-07	
20190520 000000 7.32e-07 8.04e-07 7.31e-07 7.52e-07	
20190519 000000 7.5e-07 8.079e-07 7.09e-07 7.31e-07	
20190518 000000 7.601e-07 7.65e-07 6.66e-07 7.59e-07	
20190517 000000 6.52e-07 7.925e-07 6.476e-07 7.58e-07	
20190516 000000 7.276e-07 7.705e-07 6.476e-07 6.52e-07	
20190515 000000 7.76e-07 8.65e-07 7.146e-07 7.29e-07	
20190514 000000 9.06e-07 9.06e-07 7.5e-07 7.75e-07	
20190513 000000 9.894e-07 1.0144e-06 8.851e-07 9.04e-07	
