20190611 000000 1.334e-05 1.379e-05 1.3e-05 1.333e-05	
20190610 000000 1.345e-05 1.404e-05 1.302e-05 1.329e-05	
20190609 000000 1.402e-05 1.449e-05 1.299e-05 1.344e-05	
20190608 000000 1.33e-05 1.44e-05 1.273e-05 1.405e-05	
20190607 000000 1.353e-05 1.406e-05 1.304e-05 1.328e-05	
20190606 000000 1.263e-05 1.388e-05 1.219e-05 1.344e-05	
20190605 000000 1.312e-05 1.33e-05 1.232e-05 1.266e-05	
20190604 000000 1.253e-05 1.396e-05 1.238e-05 1.312e-05	
20190603 000000 1.302e-05 1.311e-05 1.194e-05 1.255e-05	
20190602 000000 1.379e-05 1.389e-05 1.25e-05 1.303e-05	
20190601 000000 1.145e-05 1.447e-05 1.122e-05 1.382e-05	
20190531 000000 1.163e-05 1.271e-05 1.126e-05 1.145e-05	
20190530 000000 1.226e-05 1.244e-05 1.12e-05 1.173e-05	
20190529 000000 1.279e-05 1.296e-05 1.217e-05 1.234e-05	
20190528 000000 1.304e-05 1.324e-05 1.229e-05 1.282e-05	
20190527 000000 1.351e-05 1.374e-05 1.207e-05 1.305e-05	
20190526 000000 1.297e-05 1.5e-05 1.22e-05 1.355e-05	
20190525 000000 1.3e-05 1.322e-05 1.194e-05 1.299e-05	
20190524 000000 1.324e-05 1.434e-05 1.292e-05 1.303e-05	
20190523 000000 1.319e-05 1.425e-05 1.261e-05 1.327e-05	
20190522 000000 1.454e-05 1.509e-05 1.268e-05 1.31e-05	
20190521 000000 1.579e-05 1.604e-05 1.406e-05 1.446e-05	
20190520 000000 1.534e-05 1.85e-05 1.448e-05 1.581e-05	
20190519 000000 1.482e-05 1.649e-05 1.375e-05 1.535e-05	
20190518 000000 1.476e-05 1.572e-05 1.283e-05 1.482e-05	
20190517 000000 1.523e-05 1.664e-05 1.345e-05 1.485e-05	
20190516 000000 1.505e-05 1.698e-05 1.3e-05 1.501e-05	
20190515 000000 1.621e-05 1.9e-05 1.437e-05 1.508e-05	
20190514 000000 2.004e-05 2.004e-05 1.528e-05 1.632e-05	
20190513 000000 2.19e-05 2.546e-05 1.824e-05 2.011e-05	
