20190611 000000 0.00089424 0.00090199 0.0008321 0.0008546	
20190610 000000 0.00080695 0.00092 0.00078579 0.00089302	
20190609 000000 0.00076577 0.0008369 0.00075009 0.00080767	
20190608 000000 0.00073943 0.00077043 0.00073498 0.00076585	
20190607 000000 0.0007347 0.00074749 0.00072547 0.00073949	
20190606 000000 0.00075399 0.00075427 0.00072634 0.0007356	
20190605 000000 0.00072838 0.0007643 0.00071492 0.00075332	
20190604 000000 0.00072194 0.00078159 0.00069 0.00072945	
20190603 000000 0.00075762 0.00077043 0.00070777 0.00072125	
20190602 000000 0.00076522 0.0007689 0.00074674 0.00075863	
20190601 000000 0.00079314 0.00081 0.00075919 0.00076399	
20190531 000000 0.00078674 0.00083 0.00076718 0.00079367	
20190530 000000 0.00079009 0.00082226 0.00073727 0.00078815	
20190529 000000 0.00076252 0.00081489 0.00074026 0.00078911	
20190528 000000 0.00077201 0.00079291 0.00073326 0.00076253	
20190527 000000 0.00079771 0.00080245 0.00072095 0.000771	
20190526 000000 0.00076687 0.00088 0.00073775 0.00079734	
20190525 000000 0.00072017 0.00081374 0.00071928 0.0007676	
20190524 000000 0.00068897 0.000729 0.00067797 0.00071945	
20190523 000000 0.0006854 0.00069648 0.00065756 0.00068855	
20190522 000000 0.00071264 0.00072433 0.00064958 0.00068572	
20190521 000000 0.00069861 0.000719 0.00067629 0.00071266	
20190520 000000 0.00071034 0.00071116 0.0006728 0.00070048	
20190519 000000 0.00069597 0.00072444 0.00067804 0.00070977	
20190518 000000 0.00070333 0.00071822 0.00067631 0.00069574	
20190517 000000 0.00069067 0.00073411 0.00066 0.00070295	
20190516 000000 0.00076948 0.00082056 0.00068954 0.00068954	
20190515 000000 0.00080516 0.00092863 0.00074854 0.00077057	
20190514 000000 0.00077166 0.00081837 0.0007412 0.0008108	
20190513 000000 0.00078826 0.00080352 0.00076557 0.00077103	
