20190611 000000 0.00035 0.00040633 0.00034645 0.0003895	
20190610 000000 0.00035438 0.00036933 0.00034239 0.00035466	
20190609 000000 0.00034732 0.00037255 0.00034013 0.00035411	
20190608 000000 0.00032825 0.00036707 0.00032581 0.00034505	
20190607 000000 0.00031794 0.00033807 0.00031051 0.00032821	
20190606 000000 0.00033094 0.00033128 0.00031567 0.00031889	
20190605 000000 0.00032294 0.00033697 0.00031481 0.00032824	
20190604 000000 0.00032192 0.00034539 0.00031858 0.00032329	
20190603 000000 0.00031879 0.00034927 0.00031378 0.0003221	
20190602 000000 0.00030485 0.00032259 0.00030291 0.00032259	
20190601 000000 0.00031259 0.00031731 0.0003006 0.00030423	
20190531 000000 0.0003111 0.00032324 0.000304 0.00031259	
20190530 000000 0.00031718 0.00033846 0.00030973 0.0003145	
20190529 000000 0.00032733 0.00035664 0.00031657 0.00031908	
20190528 000000 0.00032994 0.00035081 0.00031933 0.00032547	
20190527 000000 0.00035366 0.00035982 0.00031778 0.0003299	
20190526 000000 0.00032681 0.0003788 0.00032681 0.00035269	
20190525 000000 0.0003272 0.00035372 0.00031851 0.00033055	
20190524 000000 0.00033988 0.00036159 0.0003255 0.00032768	
20190523 000000 0.00032185 0.00035404 0.0003128 0.00033995	
20190522 000000 0.00031172 0.00033725 0.00030562 0.00032113	
20190521 000000 0.00030293 0.0003221 0.00029415 0.00031116	
20190520 000000 0.00030719 0.00032395 0.00029863 0.00030295	
20190519 000000 0.00031833 0.00033093 0.00030438 0.00030661	
20190518 000000 0.00030623 0.00032847 0.00029992 0.00031894	
20190517 000000 0.00030301 0.00032184 0.00028502 0.0003068	
20190516 000000 0.00034028 0.00036599 0.00030313 0.00031253	
20190515 000000 0.00037488 0.00037821 0.00033055 0.00034167	
20190514 000000 0.00034971 0.00037764 0.00033417 0.00037551	
20190513 000000 0.00036271 0.00037721 0.00034804 0.00035002	
