20190611 000000 0.000957 0.001084 0.000935 0.001004	
20190610 000000 0.000955 0.001025 0.000934 0.000957	
20190609 000000 0.000996 0.001024 0.000904 0.000959	
20190608 000000 0.000975 0.001008 0.000942 0.00099	
20190607 000000 0.000934 0.001001 0.000918 0.000966	
20190606 000000 0.00088 0.00096 0.000865 0.000934	
20190605 000000 0.000875 0.000895 0.000857 0.000881	
20190604 000000 0.000898 0.000903 0.000839 0.000875	
20190603 000000 0.00093 0.000946 0.000879 0.000894	
20190602 000000 0.000912 0.00094 0.000874 0.00093	
20190601 000000 0.000881 0.000929 0.000864 0.000909	
20190531 000000 0.000866 0.0009 0.000861 0.000882	
20190530 000000 0.00085 0.000891 0.000831 0.000868	
20190529 000000 0.000858 0.00088 0.00084 0.00085	
20190528 000000 0.000871 0.000888 0.000811 0.000858	
20190527 000000 0.000938 0.000964 0.000842 0.000867	
20190526 000000 0.000956 0.001192 0.000907 0.000928	
20190525 000000 0.000929 0.000989 0.000914 0.000958	
20190524 000000 0.000963 0.000987 0.0009 0.000932	
20190523 000000 0.000912 0.001 0.000899 0.000966	
20190522 000000 0.000929 0.000954 0.00089 0.000907	
20190521 000000 0.001009 0.00101 0.000886 0.000928	
20190520 000000 0.00095 0.001093 0.000924 0.001015	
20190519 000000 0.001008 0.001028 0.000922 0.000952	
20190518 000000 0.000994 0.0015 0.000938 0.001011	
20190517 000000 0.000804 0.001017 0.000779 0.000988	
20190516 000000 0.000972 0.000977 0.000796 0.000804	
20190515 000000 0.001023 0.001046 0.000897 0.000974	
20190514 000000 0.001183 0.001218 0.001003 0.001023	
20190513 000000 0.001215 0.00125 0.001162 0.001183	
