20190611 000000 9.364e-05 9.891e-05 9.11e-05 9.397e-05	
20190610 000000 9.451e-05 9.749e-05 9.168e-05 9.354e-05	
20190609 000000 9.268e-05 9.75e-05 9.123e-05 9.462e-05	
20190608 000000 9.262e-05 9.32e-05 9e-05 9.22e-05	
20190607 000000 8.914e-05 9.32e-05 8.682e-05 9.22e-05	
20190606 000000 9.246e-05 9.4e-05 8.816e-05 8.914e-05	
20190605 000000 9.472e-05 0.0001002 9.104e-05 9.246e-05	
20190604 000000 9.079e-05 0.00010027 8.2e-05 9.472e-05	
20190603 000000 9.087e-05 9.423e-05 8.9e-05 9.079e-05	
20190602 000000 9.318e-05 9.4e-05 9e-05 9.068e-05	
20190601 000000 9.233e-05 0.0001 9.052e-05 9.318e-05	
20190531 000000 9.446e-05 9.905e-05 8.998e-05 9.239e-05	
20190530 000000 9.054e-05 0.000102 8.599e-05 9.442e-05	
20190529 000000 9.012e-05 9.156e-05 9e-05 9.053e-05	
20190528 000000 8.727e-05 9.037e-05 7.867e-05 9.009e-05	
20190527 000000 9.246e-05 9.401e-05 8.501e-05 8.812e-05	
20190526 000000 9.207e-05 9.275e-05 8.5e-05 9.24e-05	
20190525 000000 9.132e-05 9.399e-05 8.92e-05 9.224e-05	
20190524 000000 9.155e-05 9.5e-05 8.702e-05 9.134e-05	
20190523 000000 9.009e-05 9.499e-05 8.575e-05 9.155e-05	
20190522 000000 9.416e-05 9.432e-05 8.533e-05 8.989e-05	
20190521 000000 9.536e-05 9.712e-05 9e-05 9.384e-05	
20190520 000000 9.386e-05 0.00010089 8.503e-05 9.542e-05	
20190519 000000 9.387e-05 9.552e-05 8.733e-05 9.403e-05	
20190518 000000 9.762e-05 9.784e-05 9.016e-05 9.4e-05	
20190517 000000 0.00010144 0.000109 9.213e-05 9.758e-05	
20190516 000000 9.857e-05 0.00011503 9.204e-05 0.00010144	
20190515 000000 0.00011037 0.00011199 9.801e-05 9.862e-05	
20190514 000000 9.815e-05 0.000113 9.248e-05 0.0001104	
20190513 000000 0.00010053 0.00010705 9.139e-05 9.806e-05	
