20190611 000000 2.611e-05 2.742e-05 2.542e-05 2.683e-05	
20190610 000000 2.6e-05 2.989e-05 2.472e-05 2.611e-05	
20190609 000000 2.727e-05 2.73e-05 2.434e-05 2.61e-05	
20190608 000000 3.053e-05 3.07e-05 2.65e-05 2.725e-05	
20190607 000000 2.581e-05 3.486e-05 2.555e-05 3.051e-05	
20190606 000000 2.334e-05 2.69e-05 2.281e-05 2.58e-05	
20190605 000000 2.218e-05 2.388e-05 2.153e-05 2.339e-05	
20190604 000000 2.227e-05 2.235e-05 2e-05 2.226e-05	
20190603 000000 2.207e-05 2.247e-05 2.05e-05 2.219e-05	
20190602 000000 2.296e-05 2.44e-05 2.185e-05 2.22e-05	
20190601 000000 1.943e-05 2.445e-05 1.796e-05 2.307e-05	
20190531 000000 1.856e-05 2.009e-05 1.802e-05 1.964e-05	
20190530 000000 1.884e-05 2.045e-05 1.783e-05 1.839e-05	
20190529 000000 1.979e-05 2.016e-05 1.85e-05 1.886e-05	
20190528 000000 1.873e-05 2e-05 1.771e-05 1.979e-05	
20190527 000000 2.061e-05 2.088e-05 1.805e-05 1.874e-05	
20190526 000000 2.104e-05 2.175e-05 1.94e-05 2.059e-05	
20190525 000000 2.157e-05 2.444e-05 1.919e-05 2.091e-05	
20190524 000000 1.647e-05 2.238e-05 1.501e-05 2.165e-05	
20190523 000000 1.414e-05 2.034e-05 1.297e-05 1.642e-05	
20190522 000000 1.935e-05 1.946e-05 1.304e-05 1.414e-05	
20190521 000000 2.397e-05 2.407e-05 1.796e-05 1.926e-05	
20190520 000000 2.266e-05 2.552e-05 2.151e-05 2.391e-05	
20190519 000000 2.357e-05 2.53e-05 2.188e-05 2.265e-05	
20190518 000000 2.486e-05 2.497e-05 2.071e-05 2.362e-05	
20190517 000000 2.161e-05 2.542e-05 2.026e-05 2.487e-05	
20190516 000000 2.459e-05 2.54e-05 1.913e-05 2.161e-05	
20190515 000000 2.377e-05 2.661e-05 2.3e-05 2.43e-05	
20190514 000000 3.122e-05 3.193e-05 2.177e-05 2.376e-05	
20190513 000000 3.13e-05 3.46e-05 3.01e-05 3.123e-05	
