20190611 000000 9.17e-06 1.012e-05 8.31e-06 8.35e-06	
20190610 000000 1.126e-05 1.127e-05 8.44e-06 9.17e-06	
20190609 000000 9.57e-06 1.338e-05 9.57e-06 1.107e-05	
20190608 000000 8.57e-06 1.029e-05 8.51e-06 9.57e-06	
20190607 000000 8.48e-06 9.3e-06 8.14e-06 8.56e-06	
20190606 000000 7.22e-06 8.6e-06 7.22e-06 8.49e-06	
20190605 000000 6.98e-06 7.38e-06 6.52e-06 7.19e-06	
20190604 000000 7.37e-06 7.88e-06 6.6e-06 6.96e-06	
20190603 000000 7.54e-06 7.93e-06 7.28e-06 7.37e-06	
20190602 000000 7.77e-06 7.91e-06 7.27e-06 7.53e-06	
20190601 000000 7.84e-06 7.94e-06 7.39e-06 7.78e-06	
20190531 000000 7.73e-06 8.04e-06 7.62e-06 7.87e-06	
20190530 000000 8.15e-06 8.15e-06 7.6e-06 7.75e-06	
20190529 000000 8.29e-06 8.66e-06 7.6e-06 8.14e-06	
20190528 000000 8.02e-06 8.66e-06 7.67e-06 8.29e-06	
20190527 000000 8.52e-06 8.74e-06 7.74e-06 8.02e-06	
20190526 000000 8.53e-06 8.73e-06 8.31e-06 8.58e-06	
20190525 000000 8.99e-06 9.25e-06 8.22e-06 8.51e-06	
20190524 000000 8.8e-06 9.75e-06 8.3e-06 8.94e-06	
20190523 000000 7.94e-06 9.6e-06 7.63e-06 8.71e-06	
20190522 000000 8.5e-06 8.55e-06 7.65e-06 7.95e-06	
20190521 000000 8.27e-06 8.74e-06 7.82e-06 8.5e-06	
20190520 000000 8.48e-06 9.81e-06 7.8e-06 8.18e-06	
20190519 000000 8.64e-06 8.68e-06 7.55e-06 8.48e-06	
20190518 000000 9.12e-06 1.168e-05 7.85e-06 8.62e-06	
20190517 000000 7.56e-06 9.81e-06 6.82e-06 9.17e-06	
20190516 000000 8.52e-06 9.21e-06 7.5e-06 7.56e-06	
20190515 000000 8.59e-06 8.93e-06 7.63e-06 8.52e-06	
20190514 000000 9.68e-06 1.083e-05 7.97e-06 8.57e-06	
20190513 000000 1.02e-05 1.147e-05 9.49e-06 9.67e-06	
