20190611 000000 3.09e-06 3.25e-06 3e-06 3.17e-06	
20190610 000000 3.32e-06 3.55e-06 2.92e-06 3.11e-06	
20190609 000000 3.7e-06 3.96e-06 3.25e-06 3.34e-06	
20190608 000000 3.23e-06 3.71e-06 3.04e-06 3.69e-06	
20190607 000000 3.09e-06 3.48e-06 2.98e-06 3.22e-06	
20190606 000000 2.79e-06 3.1e-06 2.73e-06 3.06e-06	
20190605 000000 2.72e-06 2.91e-06 2.69e-06 2.79e-06	
20190604 000000 2.79e-06 2.9e-06 2.65e-06 2.71e-06	
20190603 000000 2.86e-06 2.89e-06 2.69e-06 2.79e-06	
20190602 000000 2.99e-06 3e-06 2.8e-06 2.86e-06	
20190601 000000 3.03e-06 3.07e-06 2.84e-06 3e-06	
20190531 000000 3e-06 3.13e-06 2.93e-06 3.03e-06	
20190530 000000 3.21e-06 3.44e-06 2.94e-06 3e-06	
20190529 000000 3.06e-06 3.62e-06 3.01e-06 3.21e-06	
20190528 000000 3.06e-06 3.14e-06 2.93e-06 3.05e-06	
20190527 000000 3.27e-06 3.46e-06 2.97e-06 3.06e-06	
20190526 000000 3.38e-06 3.39e-06 3.18e-06 3.27e-06	
20190525 000000 3.19e-06 3.59e-06 3.06e-06 3.37e-06	
20190524 000000 3.05e-06 3.23e-06 3.01e-06 3.19e-06	
20190523 000000 3.03e-06 3.42e-06 2.9e-06 3.05e-06	
20190522 000000 3.33e-06 3.35e-06 2.83e-06 3.03e-06	
20190521 000000 3.65e-06 3.67e-06 3.15e-06 3.34e-06	
20190520 000000 4.48e-06 4.57e-06 3.62e-06 3.66e-06	
20190519 000000 3.34e-06 5.05e-06 3.34e-06 4.48e-06	
20190518 000000 3.54e-06 3.68e-06 3.1e-06 3.33e-06	
20190517 000000 3.01e-06 3.73e-06 2.94e-06 3.54e-06	
20190516 000000 3.32e-06 3.49e-06 2.62e-06 2.99e-06	
20190515 000000 3.55e-06 3.57e-06 3.04e-06 3.32e-06	
20190514 000000 3.62e-06 3.64e-06 2.91e-06 3.55e-06	
20190513 000000 3.77e-06 4.19e-06 3.58e-06 3.62e-06	
