20190611 000000 1.297e-05 1.297e-05 1.22e-05 1.245e-05	
20190610 000000 1.332e-05 1.356e-05 1.27e-05 1.306e-05	
20190609 000000 1.279e-05 1.374e-05 1.239e-05 1.329e-05	
20190608 000000 1.23e-05 1.356e-05 1.158e-05 1.279e-05	
20190607 000000 1.292e-05 1.34e-05 1.217e-05 1.242e-05	
20190606 000000 1.174e-05 1.291e-05 1.174e-05 1.291e-05	
20190605 000000 1.19e-05 1.22e-05 1.17e-05 1.181e-05	
20190604 000000 1.205e-05 1.242e-05 1.154e-05 1.193e-05	
20190603 000000 1.2e-05 1.221e-05 1.165e-05 1.218e-05	
20190602 000000 1.228e-05 1.23e-05 1.183e-05 1.209e-05	
20190601 000000 1.301e-05 1.303e-05 1.19e-05 1.21e-05	
20190531 000000 1.205e-05 1.339e-05 1.193e-05 1.301e-05	
20190530 000000 1.21e-05 1.269e-05 1.18e-05 1.203e-05	
20190529 000000 1.271e-05 1.293e-05 1.2e-05 1.209e-05	
20190528 000000 1.258e-05 1.299e-05 1.226e-05 1.278e-05	
20190527 000000 1.365e-05 1.411e-05 1.255e-05 1.261e-05	
20190526 000000 1.374e-05 1.448e-05 1.293e-05 1.365e-05	
20190525 000000 1.367e-05 1.421e-05 1.319e-05 1.36e-05	
20190524 000000 1.406e-05 1.5e-05 1.333e-05 1.35e-05	
20190523 000000 1.353e-05 1.439e-05 1.27e-05 1.403e-05	
20190522 000000 1.403e-05 1.464e-05 1.324e-05 1.368e-05	
20190521 000000 1.395e-05 1.485e-05 1.333e-05 1.405e-05	
20190520 000000 1.45e-05 1.533e-05 1.343e-05 1.395e-05	
20190519 000000 1.38e-05 1.66e-05 1.206e-05 1.442e-05	
20190518 000000 1.381e-05 1.4e-05 1.332e-05 1.38e-05	
20190517 000000 1.329e-05 1.488e-05 1.244e-05 1.399e-05	
20190516 000000 1.482e-05 1.533e-05 1.315e-05 1.317e-05	
20190515 000000 1.429e-05 1.551e-05 1.309e-05 1.477e-05	
20190514 000000 1.453e-05 1.518e-05 1.356e-05 1.426e-05	
20190513 000000 1.543e-05 1.647e-05 1.456e-05 1.456e-05	
