20190611 000000 0.110247 0.114237 0.109654 0.113777	
20190610 000000 0.112044 0.116294 0.109318 0.109929	
20190609 000000 0.108452 0.112806 0.107851 0.112106	
20190608 000000 0.105043 0.11027 0.104638 0.108452	
20190607 000000 0.104217 0.105096 0.101752 0.104889	
20190606 000000 0.109324 0.110059 0.103529 0.104214	
20190605 000000 0.105286 0.109839 0.102754 0.109524	
20190604 000000 0.106986 0.108162 0.104246 0.105293	
20190603 000000 0.107469 0.108216 0.105401 0.107014	
20190602 000000 0.107336 0.107983 0.1054 0.107545	
20190601 000000 0.108027 0.108911 0.103752 0.107336	
20190531 000000 0.105445 0.113623 0.104838 0.108038	
20190530 000000 0.104498 0.11298 0.102728 0.105643	
20190529 000000 0.104093 0.105368 0.102553 0.105083	
20190528 000000 0.105853 0.110191 0.103667 0.104093	
20190527 000000 0.111144 0.111877 0.104037 0.106283	
20190526 000000 0.111961 0.11311 0.110323 0.111075	
20190525 000000 0.112667 0.113646 0.11005 0.111433	
20190524 000000 0.109701 0.114346 0.109403 0.1127	
20190523 000000 0.114501 0.117047 0.109 0.109772	
20190522 000000 0.117309 0.117634 0.111757 0.114521	
20190521 000000 0.116404 0.11877 0.115151 0.117544	
20190520 000000 0.120045 0.120515 0.113017 0.116404	
20190519 000000 0.122169 0.126351 0.119216 0.119963	
20190518 000000 0.11943 0.124014 0.116155 0.12196	
20190517 000000 0.117896 0.124915 0.112424 0.119005	
20190516 000000 0.134126 0.140949 0.117441 0.117896	
20190515 000000 0.139331 0.23 0.117441 0.133881	
20190514 000000 0.143778 0.146967 0.136785 0.139324	
20190513 000000 0.143627 0.14824 0.141002 0.143843	
