20190611 000000 7.968e-05 8.229e-05 7.557e-05 7.735e-05	
20190610 000000 7.815e-05 8.5e-05 7.688e-05 7.96e-05	
20190609 000000 7.719e-05 8.196e-05 7.655e-05 7.823e-05	
20190608 000000 7.364e-05 7.867e-05 7.26e-05 7.719e-05	
20190607 000000 7.195e-05 7.471e-05 6.515e-05 7.368e-05	
20190606 000000 6.747e-05 7.29e-05 6.636e-05 7.197e-05	
20190605 000000 7.024e-05 7.305e-05 6.7e-05 6.747e-05	
20190604 000000 7.394e-05 7.426e-05 6.901e-05 6.999e-05	
20190603 000000 8.298e-05 8.327e-05 7.138e-05 7.396e-05	
20190602 000000 8.167e-05 9.586e-05 7.846e-05 8.302e-05	
20190601 000000 7.435e-05 8.724e-05 7.343e-05 8.166e-05	
20190531 000000 6.91e-05 7.828e-05 6.686e-05 7.435e-05	
20190530 000000 6.587e-05 6.922e-05 6.375e-05 6.889e-05	
20190529 000000 6.954e-05 6.972e-05 6.437e-05 6.586e-05	
20190528 000000 7.601e-05 8.122e-05 6.376e-05 6.846e-05	
20190527 000000 8.224e-05 8.655e-05 7.593e-05 7.604e-05	
20190526 000000 8.488e-05 8.802e-05 8.028e-05 8.308e-05	
20190525 000000 8.863e-05 9.121e-05 7.9e-05 8.487e-05	
20190524 000000 7.968e-05 0.00010054 7.6e-05 8.869e-05	
20190523 000000 7.981e-05 8.329e-05 7.3e-05 7.954e-05	
20190522 000000 8.858e-05 8.858e-05 7.13e-05 8.017e-05	
20190521 000000 0.00010356 0.00010357 8.194e-05 8.863e-05	
20190520 000000 8.071e-05 0.00011365 8.071e-05 0.00010282	
20190519 000000 6.821e-05 0.0001489 6.786e-05 8.131e-05	
20190518 000000 6.825e-05 6.948e-05 6.4e-05 6.824e-05	
20190517 000000 6.113e-05 6.997e-05 5.811e-05 6.824e-05	
20190516 000000 7.043e-05 8.103e-05 5.772e-05 6.101e-05	
20190515 000000 7.833e-05 8.125e-05 6.505e-05 6.955e-05	
20190514 000000 9.705e-05 9.95e-05 7.31e-05 7.834e-05	
20190513 000000 0.00012103 0.00012192 9e-05 9.702e-05	
