20190611 000000 0.133531 0.134796 0.129354 0.132071	
20190610 000000 0.132321 0.134597 0.130223 0.133571	
20190609 000000 0.134537 0.135941 0.132107 0.132346	
20190608 000000 0.131859 0.136836 0.13094 0.134307	
20190607 000000 0.129897 0.133375 0.128658 0.131986	
20190606 000000 0.12983 0.132049 0.126693 0.129815	
20190605 000000 0.132659 0.136317 0.129489 0.129777	
20190604 000000 0.134183 0.137473 0.130306 0.13288	
20190603 000000 0.13215 0.134945 0.13 0.134183	
20190602 000000 0.134795 0.137244 0.131644 0.132152	
20190601 000000 0.139281 0.143979 0.130872 0.134795	
20190531 000000 0.12704 0.150376 0.12654 0.139284	
20190530 000000 0.132031 0.142 0.126 0.126632	
20190529 000000 0.134386 0.134646 0.129364 0.132022	
20190528 000000 0.131938 0.135567 0.129653 0.134386	
20190527 000000 0.139285 0.142959 0.1305 0.131938	
20190526 000000 0.131818 0.147 0.129863 0.139081	
20190525 000000 0.131987 0.13384 0.1285 0.13188	
20190524 000000 0.136287 0.139895 0.130006 0.131965	
20190523 000000 0.138902 0.147896 0.134285 0.136157	
20190522 000000 0.142748 0.146593 0.136312 0.139052	
20190521 000000 0.142061 0.146299 0.141464 0.142591	
20190520 000000 0.141238 0.144103 0.137252 0.141928	
20190519 000000 0.145565 0.152536 0.140106 0.141428	
20190518 000000 0.147015 0.15219 0.141108 0.145579	
20190517 000000 0.145407 0.151448 0.141862 0.147086	
20190516 000000 0.160564 0.163712 0.145001 0.145398	
20190515 000000 0.169814 0.170152 0.159989 0.160542	
20190514 000000 0.182824 0.191457 0.168898 0.169717	
20190513 000000 0.199337 0.200876 0.180314 0.182753	
