20190611 000000 5.6e-05 5.7e-05 5.5e-05 5.5e-05	
20190610 000000 5.4e-05 5.6e-05 5.2e-05 5.6e-05	
20190609 000000 5.6e-05 5.8e-05 5.4e-05 5.6e-05	
20190608 000000 5.7e-05 5.8e-05 5.4e-05 5.6e-05	
20190607 000000 5.3e-05 5.8e-05 5.2e-05 5.6e-05	
20190606 000000 5.3e-05 5.5e-05 5.1e-05 5.4e-05	
20190605 000000 5.3e-05 5.4e-05 5.1e-05 5.2e-05	
20190604 000000 5.2e-05 5.4e-05 5.1e-05 5.1e-05	
20190603 000000 5.3e-05 5.4e-05 5e-05 5.2e-05	
20190602 000000 5.2e-05 5.4e-05 5e-05 5.1e-05	
20190601 000000 5.3e-05 5.4e-05 4.9e-05 5e-05	
20190531 000000 5.3e-05 5.5e-05 5.1e-05 5.4e-05	
20190530 000000 5.5e-05 5.5e-05 5e-05 5.3e-05	
20190529 000000 5.6e-05 5.7e-05 5.3e-05 5.5e-05	
20190528 000000 5.4e-05 6.3e-05 5e-05 5.7e-05	
20190527 000000 6.2e-05 6.2e-05 5.2e-05 5.3e-05	
20190526 000000 5.8e-05 6.5e-05 5.7e-05 6e-05	
20190525 000000 5.9e-05 6.1e-05 5.6e-05 5.9e-05	
20190524 000000 7.2e-05 7.4e-05 5.7e-05 5.8e-05	
20190523 000000 5.8e-05 8.8e-05 5.7e-05 7.2e-05	
20190522 000000 5.5e-05 5.8e-05 5.2e-05 5.7e-05	
20190521 000000 5.5e-05 6.1e-05 5e-05 5.4e-05	
20190520 000000 4.8e-05 6.4e-05 4.6e-05 5.5e-05	
20190519 000000 5.2e-05 5.3e-05 4.7e-05 4.8e-05	
20190518 000000 5e-05 5.3e-05 4.8e-05 5.2e-05	
20190517 000000 5e-05 5.2e-05 4.8e-05 5e-05	
20190516 000000 5.5e-05 5.5e-05 4.9e-05 4.9e-05	
20190515 000000 5.6e-05 5.8e-05 5e-05 5.4e-05	
20190514 000000 5.9e-05 6e-05 5.3e-05 5.6e-05	
20190513 000000 6.2e-05 6.4e-05 5.6e-05 5.9e-05	
