20190611 000000 1.246e-05 1.254e-05 1.227e-05 1.243e-05	
20190610 000000 1.264e-05 1.294e-05 1.243e-05 1.247e-05	
20190609 000000 1.238e-05 1.27e-05 1.232e-05 1.263e-05	
20190608 000000 1.242e-05 1.25e-05 1.229e-05 1.238e-05	
20190607 000000 1.243e-05 1.266e-05 1.222e-05 1.243e-05	
20190606 000000 1.232e-05 1.25e-05 1.2e-05 1.243e-05	
20190605 000000 1.238e-05 1.259e-05 1.217e-05 1.23e-05	
20190604 000000 1.252e-05 1.278e-05 1.212e-05 1.239e-05	
20190603 000000 1.262e-05 1.27e-05 1.232e-05 1.251e-05	
20190602 000000 1.255e-05 1.286e-05 1.243e-05 1.262e-05	
20190601 000000 1.263e-05 1.302e-05 1.228e-05 1.254e-05	
20190531 000000 1.244e-05 1.369e-05 1.22e-05 1.262e-05	
20190530 000000 1.149e-05 1.294e-05 1.12e-05 1.244e-05	
20190529 000000 1.147e-05 1.172e-05 1.128e-05 1.148e-05	
20190528 000000 1.176e-05 1.193e-05 1.139e-05 1.147e-05	
20190527 000000 1.18e-05 1.197e-05 1.136e-05 1.181e-05	
20190526 000000 1.172e-05 1.199e-05 1.162e-05 1.181e-05	
20190525 000000 1.181e-05 1.217e-05 1.151e-05 1.173e-05	
20190524 000000 1.189e-05 1.216e-05 1.161e-05 1.181e-05	
20190523 000000 1.163e-05 1.211e-05 1.154e-05 1.188e-05	
20190522 000000 1.205e-05 1.205e-05 1.154e-05 1.161e-05	
20190521 000000 1.187e-05 1.216e-05 1.167e-05 1.203e-05	
20190520 000000 1.21e-05 1.221e-05 1.168e-05 1.187e-05	
20190519 000000 1.233e-05 1.266e-05 1.183e-05 1.211e-05	
20190518 000000 1.205e-05 1.247e-05 1.182e-05 1.232e-05	
20190517 000000 1.177e-05 1.248e-05 1.118e-05 1.21e-05	
20190516 000000 1.305e-05 1.391e-05 1.168e-05 1.169e-05	
20190515 000000 1.516e-05 1.553e-05 1.305e-05 1.311e-05	
20190514 000000 1.358e-05 1.52e-05 1.32e-05 1.516e-05	
20190513 000000 1.391e-05 1.421e-05 1.351e-05 1.354e-05	
