20190611 000000 6.1e-06 6.55e-06 5.39e-06 5.84e-06	
20190610 000000 6.34e-06 6.58e-06 6.01e-06 6.09e-06	
20190609 000000 5.95e-06 6.4e-06 5.77e-06 6.33e-06	
20190608 000000 6.06e-06 6.18e-06 5.86e-06 5.95e-06	
20190607 000000 5.96e-06 6.37e-06 5.93e-06 6.06e-06	
20190606 000000 5.41e-06 6.34e-06 5.32e-06 5.93e-06	
20190605 000000 5.43e-06 5.55e-06 5.28e-06 5.41e-06	
20190604 000000 5.46e-06 5.58e-06 5.16e-06 5.44e-06	
20190603 000000 5.49e-06 5.56e-06 5.23e-06 5.46e-06	
20190602 000000 5.18e-06 5.8e-06 5.13e-06 5.49e-06	
20190601 000000 5.25e-06 5.33e-06 5.07e-06 5.18e-06	
20190531 000000 5.28e-06 5.72e-06 5.17e-06 5.25e-06	
20190530 000000 5.43e-06 5.45e-06 5.09e-06 5.29e-06	
20190529 000000 5.49e-06 5.51e-06 5.31e-06 5.41e-06	
20190528 000000 5.69e-06 5.69e-06 5.37e-06 5.48e-06	
20190527 000000 5.98e-06 6.16e-06 5.58e-06 5.68e-06	
20190526 000000 5.85e-06 6.85e-06 5.8e-06 5.97e-06	
20190525 000000 5.71e-06 6.13e-06 5.63e-06 5.84e-06	
20190524 000000 5.72e-06 5.79e-06 5.53e-06 5.7e-06	
20190523 000000 5.5e-06 5.87e-06 5.31e-06 5.72e-06	
20190522 000000 5.68e-06 5.99e-06 5.32e-06 5.5e-06	
20190521 000000 5.28e-06 6.2e-06 5.24e-06 5.69e-06	
20190520 000000 5.03e-06 5.74e-06 5.03e-06 5.28e-06	
20190519 000000 5.2e-06 5.28e-06 4.93e-06 5.03e-06	
20190518 000000 5.15e-06 5.63e-06 5.04e-06 5.19e-06	
20190517 000000 5e-06 5.2e-06 4.79e-06 5.14e-06	
20190516 000000 5.63e-06 6.1e-06 4.93e-06 4.99e-06	
20190515 000000 5.5e-06 5.71e-06 5.22e-06 5.63e-06	
20190514 000000 5.58e-06 5.72e-06 5.27e-06 5.49e-06	
20190513 000000 5.95e-06 6.08e-06 5.51e-06 5.58e-06	
