20190611 000000 1.274e-06 1.2874e-06 1.2223e-06 1.2629e-06	
20190610 000000 1.2919e-06 1.2996e-06 1.221e-06 1.2743e-06	
20190609 000000 1.3506e-06 1.3888e-06 1.273e-06 1.2917e-06	
20190608 000000 1.307e-06 1.3602e-06 1.276e-06 1.3505e-06	
20190607 000000 1.3892e-06 1.5465e-06 1.2207e-06 1.304e-06	
20190606 000000 1.1855e-06 1.3988e-06 1.1666e-06 1.3895e-06	
20190605 000000 1.1712e-06 1.225e-06 1.155e-06 1.1854e-06	
20190604 000000 1.201e-06 1.2176e-06 1.1553e-06 1.1715e-06	
20190603 000000 1.2248e-06 1.2339e-06 1.1853e-06 1.2013e-06	
20190602 000000 1.229e-06 1.2573e-06 1.2151e-06 1.2249e-06	
20190601 000000 1.2367e-06 1.2479e-06 1.1982e-06 1.229e-06	
20190531 000000 1.215e-06 1.2702e-06 1.192e-06 1.2366e-06	
20190530 000000 1.2469e-06 1.2491e-06 1.1551e-06 1.216e-06	
20190529 000000 1.2528e-06 1.2664e-06 1.2226e-06 1.247e-06	
20190528 000000 1.24e-06 1.28e-06 1.1823e-06 1.2529e-06	
20190527 000000 1.317e-06 1.319e-06 1.205e-06 1.239e-06	
20190526 000000 1.2909e-06 1.3545e-06 1.2806e-06 1.317e-06	
20190525 000000 1.2661e-06 1.3166e-06 1.2535e-06 1.291e-06	
20190524 000000 1.2518e-06 1.281e-06 1.2198e-06 1.2662e-06	
20190523 000000 1.2554e-06 1.274e-06 1.1933e-06 1.2517e-06	
20190522 000000 1.333e-06 1.3362e-06 1.2417e-06 1.2553e-06	
20190521 000000 1.3444e-06 1.3636e-06 1.274e-06 1.333e-06	
20190520 000000 1.3859e-06 1.5224e-06 1.288e-06 1.3445e-06	
20190519 000000 1.3011e-06 1.6225e-06 1.2786e-06 1.386e-06	
20190518 000000 1.2878e-06 1.347e-06 1.2e-06 1.3012e-06	
20190517 000000 1.1923e-06 1.322e-06 1.1e-06 1.2881e-06	
20190516 000000 1.3119e-06 1.3147e-06 1.138e-06 1.1923e-06	
20190515 000000 1.403e-06 1.4999e-06 1.177e-06 1.312e-06	
20190514 000000 1.532e-06 1.5642e-06 1.3027e-06 1.4028e-06	
20190513 000000 1.5735e-06 1.6279e-06 1.4601e-06 1.5319e-06	
