20190611 000000 4.9e-06 4.9572e-06 3.65e-06 3.851e-06	
20190610 000000 4.57e-06 4.9e-06 3.1114e-06 4.9e-06	
20190609 000000 3.8299e-06 4.838e-06 2.9079e-06 4.57e-06	
20190608 000000 2.646e-06 4.0322e-06 2.642e-06 3.8059e-06	
20190607 000000 2.433e-06 2.8e-06 2.389e-06 2.645e-06	
20190606 000000 2.179e-06 2.444e-06 2.1356e-06 2.43e-06	
20190605 000000 2.2e-06 2.2293e-06 2.0382e-06 2.192e-06	
20190604 000000 2.338e-06 2.343e-06 2.0426e-06 2.203e-06	
20190603 000000 2.311e-06 2.371e-06 2.2114e-06 2.34e-06	
20190602 000000 2.369e-06 2.383e-06 2.2805e-06 2.318e-06	
20190601 000000 2.343e-06 2.3988e-06 2.2248e-06 2.376e-06	
20190531 000000 2.2e-06 2.3939e-06 2.194e-06 2.343e-06	
20190530 000000 2.238e-06 2.45e-06 1.905e-06 2.201e-06	
20190529 000000 2.323e-06 2.578e-06 2.2e-06 2.24e-06	
20190528 000000 2.373e-06 2.373e-06 2.2716e-06 2.33e-06	
20190527 000000 2.503e-06 2.68e-06 2.204e-06 2.3673e-06	
20190526 000000 2.5879e-06 2.8e-06 2.421e-06 2.503e-06	
20190525 000000 2.535e-06 2.7999e-06 2.3266e-06 2.5878e-06	
20190524 000000 2.374e-06 2.6429e-06 2.335e-06 2.536e-06	
20190523 000000 2.236e-06 2.763e-06 2.22e-06 2.383e-06	
20190522 000000 2.311e-06 2.34e-06 2.1366e-06 2.228e-06	
20190521 000000 2.528e-06 2.5714e-06 2.2625e-06 2.312e-06	
20190520 000000 2.405e-06 2.6122e-06 2.2858e-06 2.528e-06	
20190519 000000 2.606e-06 2.95e-06 2.3265e-06 2.4e-06	
20190518 000000 2.486e-06 3.6e-06 2.2881e-06 2.595e-06	
20190517 000000 2.095e-06 2.72e-06 2.093e-06 2.48e-06	
20190516 000000 2.249e-06 2.5938e-06 2e-06 2.098e-06	
20190515 000000 2.352e-06 2.365e-06 2.0993e-06 2.249e-06	
20190514 000000 2.753e-06 2.813e-06 2.181e-06 2.344e-06	
20190513 000000 2.982e-06 3.103e-06 2.6664e-06 2.737e-06	
