20190611 000000 1.543e-05 1.575e-05 1.421e-05 1.475e-05	
20190610 000000 1.637e-05 1.673e-05 1.496e-05 1.543e-05	
20190609 000000 1.681e-05 1.829e-05 1.613e-05 1.64e-05	
20190608 000000 1.588e-05 1.799e-05 1.521e-05 1.677e-05	
20190607 000000 1.543e-05 1.65e-05 1.451e-05 1.588e-05	
20190606 000000 1.474e-05 1.65e-05 1.407e-05 1.546e-05	
20190605 000000 1.588e-05 1.649e-05 1.413e-05 1.472e-05	
20190604 000000 1.581e-05 1.75e-05 1.478e-05 1.586e-05	
20190603 000000 1.451e-05 1.65e-05 1.451e-05 1.564e-05	
20190602 000000 1.36e-05 1.495e-05 1.347e-05 1.453e-05	
20190601 000000 1.341e-05 1.598e-05 1.27e-05 1.36e-05	
20190531 000000 1.288e-05 1.365e-05 1.254e-05 1.333e-05	
20190530 000000 1.34e-05 1.4e-05 1.214e-05 1.288e-05	
20190529 000000 1.325e-05 1.359e-05 1.24e-05 1.34e-05	
20190528 000000 1.323e-05 1.35e-05 1.227e-05 1.327e-05	
20190527 000000 1.395e-05 1.409e-05 1.253e-05 1.32e-05	
20190526 000000 1.425e-05 1.429e-05 1.326e-05 1.392e-05	
20190525 000000 1.379e-05 1.457e-05 1.315e-05 1.425e-05	
20190524 000000 1.37e-05 1.449e-05 1.3e-05 1.374e-05	
20190523 000000 1.307e-05 1.379e-05 1.256e-05 1.379e-05	
20190522 000000 1.395e-05 1.437e-05 1.201e-05 1.311e-05	
20190521 000000 1.47e-05 1.476e-05 1.257e-05 1.395e-05	
20190520 000000 1.523e-05 1.573e-05 1.299e-05 1.471e-05	
20190519 000000 1.595e-05 1.603e-05 1.451e-05 1.532e-05	
20190518 000000 1.893e-05 2.05e-05 1.303e-05 1.589e-05	
20190517 000000 1.559e-05 2.066e-05 1.52e-05 1.869e-05	
20190516 000000 1.64e-05 1.863e-05 1.521e-05 1.552e-05	
20190515 000000 1.765e-05 1.885e-05 1.575e-05 1.645e-05	
20190514 000000 1.931e-05 1.934e-05 1.668e-05 1.765e-05	
20190513 000000 2.022e-05 2.045e-05 1.904e-05 1.931e-05	
