20190611 000000 0.00023315 0.00023823 0.000223 0.00023242	
20190610 000000 0.00023995 0.00025424 0.000223 0.00023316	
20190609 000000 0.00022251 0.000265 0.00022 0.00024009	
20190608 000000 0.00023574 0.00024 0.0002205 0.00022221	
20190607 000000 0.00021623 0.00025532 0.00020654 0.00023686	
20190606 000000 0.00018576 0.00021989 0.00018 0.00021674	
20190605 000000 0.0001898 0.00019084 0.00018258 0.00018576	
20190604 000000 0.00018861 0.00019086 0.00017612 0.00018995	
20190603 000000 0.00019239 0.00019547 0.00018477 0.00018857	
20190602 000000 0.00019879 0.00020167 0.00018858 0.0001925	
20190601 000000 0.00020181 0.00020758 0.00018602 0.00019883	
20190531 000000 0.00019996 0.00021006 0.000193 0.00020177	
20190530 000000 0.00019677 0.00020469 0.0001874 0.0001997	
20190529 000000 0.00019236 0.00020191 0.00018096 0.00019677	
20190528 000000 0.00018918 0.00020216 0.00017734 0.00019246	
20190527 000000 0.00019435 0.00019622 0.00016934 0.00018917	
20190526 000000 0.00019228 0.00019736 0.00019 0.00019344	
20190525 000000 0.00018314 0.00019999 0.00018 0.00019228	
20190524 000000 0.00018767 0.0002 0.00017 0.00018292	
20190523 000000 0.00018061 0.00020271 0.0001784 0.00018756	
20190522 000000 0.00017387 0.000195 0.00016454 0.00018061	
20190521 000000 0.00018195 0.00018486 0.00017 0.00017368	
20190520 000000 0.00017961 0.00018268 0.00016 0.00018182	
20190519 000000 0.00019573 0.00020227 0.00017501 0.00018089	
20190518 000000 0.00021486 0.000219 0.00019 0.0001956	
20190517 000000 0.00019628 0.000216 0.00019255 0.00021486	
20190516 000000 0.00021896 0.00022038 0.00017296 0.00019774	
20190515 000000 0.00024 0.00024383 0.0002 0.00021803	
20190514 000000 0.000272 0.00027891 0.00023992 0.00024	
20190513 000000 0.00026766 0.00027786 0.000251 0.00027333	
