20190611 000000 0.01558286 0.0165 0.01444067 0.01483415	
20190610 000000 0.01373618 0.01583713 0.01371747 0.01560589	
20190609 000000 0.01355969 0.01444036 0.013374 0.01376317	
20190608 000000 0.01296158 0.01389298 0.01274837 0.01356982	
20190607 000000 0.01284109 0.0133508 0.01253949 0.01297326	
20190606 000000 0.0127374 0.01284107 0.0123178 0.01281532	
20190605 000000 0.01313341 0.01359638 0.0125 0.01269718	
20190604 000000 0.01310481 0.0134266 0.0126671 0.01316591	
20190603 000000 0.01309385 0.0134646 0.0128711 0.01311144	
20190602 000000 0.01322619 0.01334461 0.01292 0.01307819	
20190601 000000 0.01314204 0.01354694 0.01263547 0.01323519	
20190531 000000 0.01312021 0.01440623 0.01301307 0.01315142	
20190530 000000 0.01350067 0.01351467 0.01268785 0.01316873	
20190529 000000 0.01380315 0.01386701 0.0131527 0.01350753	
20190528 000000 0.01413712 0.01427981 0.01356975 0.01380315	
20190527 000000 0.01469662 0.01491834 0.01403062 0.01412999	
20190526 000000 0.0146849 0.0151123 0.01458747 0.01469363	
20190525 000000 0.0152789 0.01543183 0.01450667 0.01467535	
20190524 000000 0.01561737 0.0159995 0.01491964 0.01527928	
20190523 000000 0.01388593 0.01923027 0.01361865 0.0155906	
20190522 000000 0.0138467 0.01413176 0.01353999 0.01385943	
20190521 000000 0.01384234 0.01421838 0.01319223 0.01379661	
20190520 000000 0.01381846 0.0147545 0.01332489 0.01383548	
20190519 000000 0.01431179 0.0145412 0.01340127 0.01372018	
20190518 000000 0.01445352 0.01471539 0.01416955 0.01431179	
20190517 000000 0.01371861 0.01491932 0.01340105 0.01447936	
20190516 000000 0.01543373 0.01653378 0.01357599 0.01362546	
20190515 000000 0.01638447 0.0169209 0.01497787 0.0154674	
20190514 000000 0.01627113 0.0174 0.01534144 0.01637626	
20190513 000000 0.01725745 0.0174 0.01625 0.01627843	
