20190611 000000 0.0008564 0.00087012 0.0008253 0.0008475	
20190610 000000 0.00080946 0.00093353 0.00079733 0.00085627	
20190609 000000 0.00080767 0.00083662 0.00079488 0.00081004	
20190608 000000 0.00082715 0.00083718 0.0007692 0.00080845	
20190607 000000 0.0007808 0.00084351 0.00076294 0.00082891	
20190606 000000 0.00074593 0.00079851 0.00073 0.00078129	
20190605 000000 0.00077762 0.00078559 0.00074135 0.00074663	
20190604 000000 0.00079233 0.00080405 0.00075351 0.00077804	
20190603 000000 0.0008015 0.00080857 0.00077741 0.00079222	
20190602 000000 0.00080032 0.000835 0.00079395 0.00079961	
20190601 000000 0.00084557 0.00085099 0.00079349 0.00080006	
20190531 000000 0.00083502 0.00088849 0.00081942 0.00084521	
20190530 000000 0.00087777 0.00089511 0.00082078 0.00083799	
20190529 000000 0.00090752 0.00092339 0.00086487 0.00087636	
20190528 000000 0.00090659 0.00099143 0.00087738 0.00090765	
20190527 000000 0.00093583 0.00096244 0.00088847 0.00090654	
20190526 000000 0.00098459 0.0010556 0.00092095 0.00093896	
20190525 000000 0.00105948 0.00108559 0.00096941 0.00098448	
20190524 000000 0.00092159 0.00120355 0.00090588 0.00106126	
20190523 000000 0.00085901 0.00092653 0.00085813 0.00092199	
20190522 000000 0.00086155 0.00091033 0.00084149 0.00085843	
20190521 000000 0.00087757 0.00088276 0.00084568 0.00086075	
20190520 000000 0.00086733 0.0009239 0.00083671 0.00087708	
20190519 000000 0.00084081 0.00088031 0.00081565 0.00086692	
20190518 000000 0.00082282 0.00084461 0.00080712 0.00083995	
20190517 000000 0.00081753 0.0008456 0.00077729 0.00082178	
20190516 000000 0.00087938 0.00091464 0.00081391 0.00082019	
20190515 000000 0.00086542 0.00094643 0.00083067 0.00088102	
20190514 000000 0.00088324 0.00089936 0.00084567 0.00086783	
20190513 000000 0.00087576 0.00093352 0.00087 0.00088352	
