20190611 000000 0.00218 0.0022 0.002071 0.002095	
20190610 000000 0.002173 0.002219 0.002117 0.00218	
20190609 000000 0.002265 0.002287 0.002162 0.002173	
20190608 000000 0.002282 0.002577 0.00222 0.002265	
20190607 000000 0.002115 0.002444 0.002049 0.00229	
20190606 000000 0.001878 0.00224 0.001866 0.002115	
20190605 000000 0.001883 0.001912 0.001799 0.001876	
20190604 000000 0.001809 0.001975 0.001754 0.001878	
20190603 000000 0.001809 0.001899 0.001723 0.001825	
20190602 000000 0.001738 0.001823 0.001725 0.001809	
20190601 000000 0.001776 0.001792 0.001706 0.001737	
20190531 000000 0.001742 0.001823 0.001719 0.001773	
20190530 000000 0.001795 0.00187 0.001727 0.001738	
20190529 000000 0.00184 0.001938 0.001756 0.001795	
20190528 000000 0.001756 0.001946 0.001753 0.001846	
20190527 000000 0.001914 0.002044 0.001746 0.001756	
20190526 000000 0.001907 0.002189 0.001868 0.001914	
20190525 000000 0.001947 0.002108 0.001868 0.001907	
20190524 000000 0.002034 0.002099 0.001933 0.001947	
20190523 000000 0.00197 0.0022 0.00195 0.002036	
20190522 000000 0.00187 0.002151 0.001801 0.001967	
20190521 000000 0.001847 0.001883 0.001765 0.00187	
20190520 000000 0.001891 0.001936 0.001786 0.001844	
20190519 000000 0.001968 0.002166 0.001862 0.001888	
20190518 000000 0.00193 0.002075 0.001832 0.001968	
20190517 000000 0.001791 0.001971 0.001772 0.00193	
20190516 000000 0.00191 0.002157 0.001792 0.001802	
20190515 000000 0.002023 0.002251 0.001879 0.00191	
20190514 000000 0.002115 0.002321 0.001939 0.00203	
20190513 000000 0.002176 0.002407 0.002111 0.002128	
