20190611 000000 0.02623984 0.02624713 0.02566666 0.02589416	
20190610 000000 0.02615102 0.02666805 0.02592307 0.02624257	
20190609 000000 0.02593402 0.02660579 0.02558381 0.02615406	
20190608 000000 0.02597196 0.02686181 0.02578751 0.02593877	
20190607 000000 0.02542704 0.02617892 0.02509109 0.02598102	
20190606 000000 0.0259068 0.02621782 0.02527159 0.02541083	
20190605 000000 0.02706614 0.02717375 0.02551468 0.02588776	
20190604 000000 0.02799448 0.02816325 0.02644489 0.02707304	
20190603 000000 0.0287503 0.02891279 0.02751339 0.02800331	
20190602 000000 0.03085856 0.03128936 0.02836667 0.02875455	
20190601 000000 0.030193 0.032689 0.02992966 0.03088615	
20190531 000000 0.02906595 0.03059574 0.0281 0.0302	
20190530 000000 0.029965 0.03012241 0.02812596 0.02904045	
20190529 000000 0.02940679 0.0301828 0.0287183 0.02994798	
20190528 000000 0.02760521 0.03053728 0.02722567 0.02940227	
20190527 000000 0.02542891 0.02760905 0.02529176 0.02760452	
20190526 000000 0.0253126 0.02556325 0.02517837 0.0254289	
20190525 000000 0.02539003 0.02602431 0.02515724 0.0253126	
20190524 000000 0.02440401 0.02552038 0.02433333 0.02539031	
20190523 000000 0.02462419 0.02493698 0.023905 0.02440602	
20190522 000000 0.02486504 0.02493333 0.02410928 0.0246292	
20190521 000000 0.02495208 0.025315 0.0246255 0.0248701	
20190520 000000 0.02473923 0.02544613 0.02457538 0.02495681	
20190519 000000 0.0248451 0.02527349 0.02454822 0.02474167	
20190518 000000 0.02534565 0.025624 0.02451135 0.02485048	
20190517 000000 0.02425314 0.02573413 0.0242321 0.02536	
20190516 000000 0.02620411 0.02686475 0.0241356 0.0242564	
20190515 000000 0.02815664 0.028435 0.02614313 0.02619795	
20190514 000000 0.028135 0.02934947 0.0278805 0.02816077	
20190513 000000 0.02843538 0.02875509 0.02794 0.02815225	
