20190611 000000 1.87e-05 2.009e-05 1.821e-05 1.876e-05	
20190610 000000 2.083e-05 2.189e-05 1.819e-05 1.871e-05	
20190609 000000 1.802e-05 2.2e-05 1.784e-05 2.083e-05	
20190608 000000 1.704e-05 1.81e-05 1.691e-05 1.802e-05	
20190607 000000 1.686e-05 1.715e-05 1.6e-05 1.701e-05	
20190606 000000 1.535e-05 1.925e-05 1.522e-05 1.684e-05	
20190605 000000 1.557e-05 1.562e-05 1.475e-05 1.535e-05	
20190604 000000 1.511e-05 1.58e-05 1.509e-05 1.555e-05	
20190603 000000 1.534e-05 1.58e-05 1.508e-05 1.511e-05	
20190602 000000 1.561e-05 1.581e-05 1.527e-05 1.534e-05	
20190601 000000 1.619e-05 1.631e-05 1.455e-05 1.562e-05	
20190531 000000 1.548e-05 1.672e-05 1.547e-05 1.619e-05	
20190530 000000 1.61e-05 1.672e-05 1.53e-05 1.551e-05	
20190529 000000 1.632e-05 1.643e-05 1.558e-05 1.609e-05	
20190528 000000 1.645e-05 1.68e-05 1.596e-05 1.632e-05	
20190527 000000 1.764e-05 1.769e-05 1.562e-05 1.64e-05	
20190526 000000 1.754e-05 1.89e-05 1.716e-05 1.764e-05	
20190525 000000 1.737e-05 1.784e-05 1.705e-05 1.754e-05	
20190524 000000 1.812e-05 1.815e-05 1.714e-05 1.735e-05	
20190523 000000 1.74e-05 1.862e-05 1.725e-05 1.806e-05	
20190522 000000 1.831e-05 1.887e-05 1.729e-05 1.739e-05	
20190521 000000 1.807e-05 1.993e-05 1.751e-05 1.83e-05	
20190520 000000 1.835e-05 1.882e-05 1.75e-05 1.809e-05	
20190519 000000 2.015e-05 2.055e-05 1.784e-05 1.846e-05	
20190518 000000 1.954e-05 2.048e-05 1.819e-05 2.01e-05	
20190517 000000 2.011e-05 2.3e-05 1.791e-05 1.952e-05	
20190516 000000 1.796e-05 2.164e-05 1.758e-05 2.008e-05	
20190515 000000 2.021e-05 2.066e-05 1.7e-05 1.81e-05	
20190514 000000 2.261e-05 2.315e-05 1.722e-05 2.026e-05	
20190513 000000 2.37e-05 2.381e-05 2.1e-05 2.261e-05	
