20190611 000000 0.00349584 0.00354183 0.00335479 0.00341544	
20190610 000000 0.00345385 0.00365925 0.00324513 0.00348774	
20190609 000000 0.00350862 0.00366363 0.00334692 0.0034569	
20190608 000000 0.0029949 0.00367247 0.00299079 0.00355095	
20190607 000000 0.00299391 0.00326548 0.00290141 0.003003	
20190606 000000 0.00284484 0.00304827 0.0028168 0.00299721	
20190605 000000 0.00296262 0.00296755 0.00282788 0.00285702	
20190604 000000 0.00307611 0.00309306 0.00281001 0.00294744	
20190603 000000 0.00304071 0.0033261 0.00296088 0.00307611	
20190602 000000 0.00283595 0.00323443 0.002804 0.00305283	
20190601 000000 0.00282448 0.00286144 0.00267832 0.00283595	
20190531 000000 0.00266257 0.00291136 0.00261554 0.00283706	
20190530 000000 0.00276403 0.0029233 0.00261411 0.00265925	
20190529 000000 0.00281099 0.00296155 0.00270622 0.00281567	
20190528 000000 0.00263346 0.00299147 0.00257868 0.00282523	
20190527 000000 0.00298636 0.00300237 0.00262304 0.00264473	
20190526 000000 0.00290931 0.00305219 0.00289115 0.00298692	
20190525 000000 0.00298618 0.00347174 0.00277256 0.00291584	
20190524 000000 0.00340544 0.00360068 0.00287054 0.00296998	
20190523 000000 0.002913 0.00394326 0.00289053 0.00340459	
20190522 000000 0.00272906 0.00298456 0.00263962 0.00291294	
20190521 000000 0.0027596 0.0029131 0.00266126 0.00272906	
20190520 000000 0.00275919 0.0028841 0.00264258 0.00275512	
20190519 000000 0.00289688 0.00299155 0.00271915 0.00276904	
20190518 000000 0.00294241 0.0035758 0.00276333 0.00290911	
20190517 000000 0.00276545 0.00305537 0.00262161 0.00293819	
20190516 000000 0.00323566 0.00341263 0.00269064 0.00273243	
20190515 000000 0.00329356 0.00380941 0.003 0.00323562	
20190514 000000 0.00354627 0.00381896 0.00315226 0.00324165	
20190513 000000 0.00361967 0.00405809 0.0034017 0.0035381	
