20190611 000000 1.472e-05 1.583e-05 1.433e-05 1.483e-05	
20190610 000000 1.471e-05 1.54e-05 1.363e-05 1.472e-05	
20190609 000000 1.524e-05 1.645e-05 1.422e-05 1.471e-05	
20190608 000000 1.494e-05 1.553e-05 1.361e-05 1.525e-05	
20190607 000000 1.345e-05 1.666e-05 1.268e-05 1.493e-05	
20190606 000000 1.213e-05 1.401e-05 1.197e-05 1.369e-05	
20190605 000000 1.273e-05 1.299e-05 1.194e-05 1.213e-05	
20190604 000000 1.215e-05 1.297e-05 1.156e-05 1.241e-05	
20190603 000000 1.324e-05 1.384e-05 1.19e-05 1.23e-05	
20190602 000000 1.211e-05 1.383e-05 1.161e-05 1.324e-05	
20190601 000000 1.197e-05 1.24e-05 1.115e-05 1.211e-05	
20190531 000000 1.169e-05 1.312e-05 1.104e-05 1.195e-05	
20190530 000000 1.203e-05 1.286e-05 1.12e-05 1.171e-05	
20190529 000000 1.222e-05 1.244e-05 1.149e-05 1.205e-05	
20190528 000000 1.184e-05 1.308e-05 1.125e-05 1.222e-05	
20190527 000000 1.274e-05 1.306e-05 1.126e-05 1.184e-05	
20190526 000000 1.289e-05 1.411e-05 1.238e-05 1.274e-05	
20190525 000000 1.335e-05 1.397e-05 1.248e-05 1.289e-05	
20190524 000000 1.31e-05 1.434e-05 1.274e-05 1.336e-05	
20190523 000000 1.259e-05 1.334e-05 1.215e-05 1.31e-05	
20190522 000000 1.303e-05 1.308e-05 1.175e-05 1.258e-05	
20190521 000000 1.268e-05 1.337e-05 1.222e-05 1.302e-05	
20190520 000000 1.319e-05 1.319e-05 1.205e-05 1.272e-05	
20190519 000000 1.323e-05 1.42e-05 1.271e-05 1.304e-05	
20190518 000000 1.416e-05 1.44e-05 1.243e-05 1.323e-05	
20190517 000000 1.112e-05 1.887e-05 1.112e-05 1.416e-05	
20190516 000000 1.259e-05 1.384e-05 1.111e-05 1.112e-05	
20190515 000000 1.373e-05 1.411e-05 1.238e-05 1.258e-05	
20190514 000000 1.482e-05 1.513e-05 1.305e-05 1.374e-05	
20190513 000000 1.583e-05 1.601e-05 1.453e-05 1.481e-05	
