20190611 000000 7.66e-06 7.98e-06 7.28e-06 7.63e-06	
20190610 000000 7.78e-06 8e-06 7.23e-06 7.67e-06	
20190609 000000 8.6e-06 8.62e-06 7.5e-06 7.77e-06	
20190608 000000 8.82e-06 8.97e-06 7.8e-06 8.6e-06	
20190607 000000 1.022e-05 1.024e-05 8.21e-06 8.77e-06	
20190606 000000 6.78e-06 1.066e-05 6.7e-06 1.022e-05	
20190605 000000 6.99e-06 7.42e-06 6.14e-06 6.79e-06	
20190604 000000 7.28e-06 8.22e-06 6.89e-06 6.99e-06	
20190603 000000 8.13e-06 8.2e-06 7.29e-06 7.29e-06	
20190602 000000 8.53e-06 8.59e-06 7.85e-06 8.13e-06	
20190601 000000 8.72e-06 8.89e-06 8.01e-06 8.49e-06	
20190531 000000 8.47e-06 9.38e-06 8.27e-06 8.72e-06	
20190530 000000 9.54e-06 9.59e-06 8.01e-06 8.47e-06	
20190529 000000 9.23e-06 1.008e-05 9.05e-06 9.53e-06	
20190528 000000 8.59e-06 1.04e-05 8.2e-06 9.23e-06	
20190527 000000 9.46e-06 9.68e-06 7.9e-06 8.59e-06	
20190526 000000 9.97e-06 1.006e-05 9.34e-06 9.44e-06	
20190525 000000 9.14e-06 1.22e-05 8.5e-06 9.97e-06	
20190524 000000 1.237e-05 1.244e-05 9.1e-06 9.1e-06	
20190523 000000 1.306e-05 1.316e-05 1.195e-05 1.237e-05	
20190522 000000 1.267e-05 1.602e-05 1.225e-05 1.307e-05	
20190521 000000 1.559e-05 1.593e-05 1.211e-05 1.276e-05	
20190520 000000 2.008e-05 2.04e-05 1.43e-05 1.561e-05	
20190519 000000 1.73e-05 2.672e-05 1.502e-05 2.007e-05	
20190518 000000 1.71e-05 2.25e-05 1.253e-05 1.722e-05	
20190517 000000 4.92e-06 1.903e-05 4.45e-06 1.71e-05	
20190516 000000 4.71e-06 5.92e-06 4.41e-06 4.95e-06	
20190515 000000 5.23e-06 5.69e-06 4.56e-06 4.72e-06	
20190514 000000 5.99e-06 6.23e-06 4.73e-06 5.25e-06	
20190513 000000 5.85e-06 6.36e-06 5.85e-06 6.04e-06	
