20190611 000000 0.012815 0.012938 0.012556 0.012688	
20190610 000000 0.012963 0.01337 0.012678 0.012824	
20190609 000000 0.013136 0.013588 0.012533 0.012963	
20190608 000000 0.011975 0.0144 0.011734 0.013113	
20190607 000000 0.011695 0.012162 0.011511 0.011986	
20190606 000000 0.011807 0.012163 0.011565 0.011701	
20190605 000000 0.012312 0.012388 0.011694 0.011814	
20190604 000000 0.012436 0.012705 0.012048 0.012303	
20190603 000000 0.012616 0.012719 0.012286 0.01246	
20190602 000000 0.012466 0.012751 0.012415 0.012604	
20190601 000000 0.012649 0.012782 0.012046 0.012474	
20190531 000000 0.012495 0.0131 0.012288 0.012635	
20190530 000000 0.01281 0.013288 0.01217 0.012447	
20190529 000000 0.011745 0.013193 0.011561 0.012762	
20190528 000000 0.011887 0.012132 0.011538 0.011753	
20190527 000000 0.012132 0.013407 0.011306 0.011886	
20190526 000000 0.012271 0.013013 0.011893 0.012122	
20190525 000000 0.012046 0.013011 0.01183 0.01226	
20190524 000000 0.012168 0.015 0.01183 0.012042	
20190523 000000 0.01099 0.013842 0.010918 0.012164	
20190522 000000 0.010947 0.01145 0.010759 0.010977	
20190521 000000 0.011073 0.011694 0.010631 0.010947	
20190520 000000 0.010421 0.011022 0.010127 0.011011	
20190519 000000 0.010982 0.011123 0.010278 0.010354	
20190518 000000 0.011086 0.011288 0.010887 0.010963	
20190517 000000 0.01082 0.011354 0.010698 0.011099	
20190516 000000 0.012759 0.012911 0.01082 0.01082	
20190515 000000 0.013258 0.013654 0.012218 0.012847	
20190514 000000 0.013227 0.013434 0.012404 0.013273	
20190513 000000 0.013012 0.013983 0.012963 0.013235	
