20190611 000000 0.00010797 0.00011218 7.555e-05 7.67e-05	
20190610 000000 0.00021698 0.00023008 8.083e-05 0.00010564	
20190609 000000 0.00020594 0.00023595 0.00019 0.00021595	
20190608 000000 0.00022611 0.00030786 0.00017 0.00020596	
20190607 000000 0.00013333 0.0002415 0.00013199 0.000227	
20190606 000000 0.00010606 0.00015439 9.201e-05 0.00013333	
20190605 000000 6.865e-05 0.00012364 6.4e-05 0.00010606	
20190604 000000 5.622e-05 7.788e-05 5e-05 6.867e-05	
20190603 000000 4.344e-05 5.499e-05 4e-05 4.789e-05	
20190602 000000 4.662e-05 4.722e-05 4.19e-05 4.338e-05	
20190601 000000 4.673e-05 4.8e-05 4.08e-05 4.658e-05	
20190531 000000 4.075e-05 4.899e-05 3.888e-05 4.639e-05	
20190530 000000 3.788e-05 4.899e-05 3.546e-05 4.078e-05	
20190529 000000 2.876e-05 4.316e-05 2.876e-05 3.786e-05	
20190528 000000 2.945e-05 3.238e-05 2.736e-05 2.878e-05	
20190527 000000 3.09e-05 3.149e-05 2.593e-05 2.939e-05	
20190526 000000 3.086e-05 3.364e-05 3.026e-05 3.09e-05	
20190525 000000 3.14e-05 3.157e-05 3.014e-05 3.086e-05	
20190524 000000 3.45e-05 3.5e-05 2.963e-05 3.124e-05	
20190523 000000 2.819e-05 3.465e-05 2.733e-05 3.45e-05	
20190522 000000 2.816e-05 2.865e-05 2.711e-05 2.819e-05	
20190521 000000 2.943e-05 2.987e-05 2.789e-05 2.816e-05	
20190520 000000 3.089e-05 3.099e-05 2.8e-05 2.943e-05	
20190519 000000 2.911e-05 3.53e-05 2.684e-05 3.087e-05	
20190518 000000 2.79e-05 3.673e-05 2.786e-05 2.9e-05	
20190517 000000 2.365e-05 2.813e-05 2.347e-05 2.789e-05	
20190516 000000 2.867e-05 2.867e-05 2.347e-05 2.347e-05	
20190515 000000 3.022e-05 3.211e-05 2.7e-05 2.871e-05	
20190514 000000 3.077e-05 3.214e-05 2.881e-05 3.025e-05	
20190513 000000 3.256e-05 3.289e-05 3.052e-05 3.052e-05	
