20190611 000000 0.00038091 0.00043459 0.00037577 0.0004222	
20190610 000000 0.00038167 0.00039269 0.00037613 0.00038115	
20190609 000000 0.00038764 0.00040138 0.00037934 0.00038332	
20190608 000000 0.00036155 0.00042998 0.0003584 0.00038781	
20190607 000000 0.0003511 0.00038507 0.00034534 0.00036268	
20190606 000000 0.00035069 0.00035763 0.00034775 0.00034881	
20190605 000000 0.0003527 0.00036681 0.0003443 0.00035044	
20190604 000000 0.00036751 0.00036839 0.0003446 0.00035498	
20190603 000000 0.00036019 0.00038272 0.00035624 0.00036728	
20190602 000000 0.00035789 0.00036194 0.00034879 0.00035971	
20190601 000000 0.00036843 0.00037667 0.00035254 0.00035664	
20190531 000000 0.00037275 0.00038608 0.00036143 0.00036644	
20190530 000000 0.00039338 0.00039338 0.00036303 0.00037324	
20190529 000000 0.00037342 0.00040004 0.00036853 0.00039124	
20190528 000000 0.00037374 0.00037827 0.00036529 0.00037444	
20190527 000000 0.00038785 0.00039052 0.00035936 0.00037289	
20190526 000000 0.00038396 0.00040134 0.00037897 0.00038756	
20190525 000000 0.00038359 0.00039953 0.00037036 0.00038313	
20190524 000000 0.00035918 0.00046454 0.00035437 0.00038207	
20190523 000000 0.00035589 0.00037603 0.00035131 0.00035918	
20190522 000000 0.00036669 0.00038616 0.00035138 0.00035828	
20190521 000000 0.00035481 0.00039687 0.00034598 0.00036669	
20190520 000000 0.00035525 0.00037348 0.00034106 0.00035563	
20190519 000000 0.0003673 0.00037593 0.00034891 0.00035551	
20190518 000000 0.00035663 0.00038088 0.00034953 0.0003673	
20190517 000000 0.00035731 0.00037039 0.00033378 0.00035661	
20190516 000000 0.00035646 0.00046399 0.00034707 0.000357	
20190515 000000 0.0003685 0.00037854 0.00034395 0.00035459	
20190514 000000 0.00036104 0.000377 0.00035543 0.00036842	
20190513 000000 0.00037629 0.00039574 0.00036161 0.00036209	
