20190611 000000 9.39e-05 0.00010011 9.388e-05 9.749e-05	
20190610 000000 9.56e-05 0.00010441 9.08e-05 9.467e-05	
20190609 000000 9.393e-05 9.947e-05 8.802e-05 9.551e-05	
20190608 000000 9.442e-05 9.6e-05 8.969e-05 9.384e-05	
20190607 000000 9.207e-05 9.708e-05 9.158e-05 9.419e-05	
20190606 000000 8.809e-05 9.336e-05 8.404e-05 9.196e-05	
20190605 000000 8.826e-05 9.492e-05 8.599e-05 8.832e-05	
20190604 000000 8.915e-05 9.004e-05 8.353e-05 8.744e-05	
20190603 000000 8.861e-05 8.995e-05 8.55e-05 8.91e-05	
20190602 000000 8.853e-05 9.066e-05 8.608e-05 8.846e-05	
20190601 000000 9.411e-05 9.677e-05 8.502e-05 8.85e-05	
20190531 000000 9.474e-05 9.645e-05 8.988e-05 9.428e-05	
20190530 000000 9.565e-05 9.565e-05 8.882e-05 9.474e-05	
20190529 000000 9.875e-05 0.000108 9.272e-05 9.556e-05	
20190528 000000 8.941e-05 0.00011388 8.941e-05 9.833e-05	
20190527 000000 9.551e-05 9.659e-05 8.713e-05 8.937e-05	
20190526 000000 9.649e-05 9.753e-05 9.187e-05 9.582e-05	
20190525 000000 9.162e-05 0.0001001 8.7e-05 9.605e-05	
20190524 000000 9.52e-05 0.00010464 9.096e-05 9.16e-05	
20190523 000000 9.378e-05 9.999e-05 8.729e-05 9.52e-05	
20190522 000000 9.143e-05 0.00012479 9.066e-05 9.537e-05	
20190521 000000 9.682e-05 9.89e-05 8.671e-05 9.142e-05	
20190520 000000 8.957e-05 9.874e-05 8.874e-05 9.67e-05	
20190519 000000 9.325e-05 9.64e-05 8.662e-05 8.944e-05	
20190518 000000 9.898e-05 0.00010242 8.868e-05 9.297e-05	
20190517 000000 9.8e-05 0.00010586 9.05e-05 9.838e-05	
20190516 000000 0.00010591 0.00010805 9.05e-05 9.751e-05	
20190515 000000 0.00010936 0.00011 0.00010214 0.00010523	
20190514 000000 0.00011374 0.00011898 0.00010319 0.0001087	
20190513 000000 0.00011461 0.00012185 0.00011242 0.00011393	
