20190611 000000 0.001795 0.001895 0.001745 0.001855	
20190610 000000 0.001761 0.001888 0.001705 0.001788	
20190609 000000 0.001717 0.001871 0.001689 0.001756	
20190608 000000 0.001698 0.001832 0.001633 0.001716	
20190607 000000 0.00165 0.001708 0.001585 0.001674	
20190606 000000 0.001633 0.001696 0.001557 0.001624	
20190605 000000 0.001607 0.001683 0.00155 0.001633	
20190604 000000 0.001632 0.001665 0.001549 0.001613	
20190603 000000 0.001626 0.001676 0.001562 0.001635	
20190602 000000 0.001562 0.001668 0.001537 0.00163	
20190601 000000 0.00159 0.001616 0.001501 0.001567	
20190531 000000 0.001591 0.001693 0.00155 0.001589	
20190530 000000 0.001647 0.001744 0.001566 0.001587	
20190529 000000 0.001666 0.001738 0.00161 0.00166	
20190528 000000 0.001677 0.001752 0.001612 0.001639	
20190527 000000 0.00182 0.001845 0.001647 0.001677	
20190526 000000 0.001827 0.001987 0.001728 0.001814	
20190525 000000 0.00172 0.001932 0.001682 0.001819	
20190524 000000 0.001722 0.001865 0.001688 0.00172	
20190523 000000 0.001662 0.0018 0.001652 0.00173	
20190522 000000 0.001711 0.001855 0.001628 0.001665	
20190521 000000 0.00158 0.001876 0.001526 0.001669	
20190520 000000 0.001554 0.001745 0.001522 0.001587	
20190519 000000 0.001593 0.001801 0.001526 0.001541	
20190518 000000 0.001661 0.001693 0.001562 0.001618	
20190517 000000 0.001541 0.002 0.001453 0.001648	
20190516 000000 0.001739 0.001875 0.001534 0.001548	
20190515 000000 0.001846 0.001926 0.00167 0.001732	
20190514 000000 0.001898 0.002034 0.001731 0.001839	
20190513 000000 0.001908 0.002047 0.001785 0.001926	
