20190611 000000 5.117e-05 5.333e-05 4.571e-05 4.87e-05	
20190610 000000 5.8e-05 5.861e-05 4.79e-05 5.112e-05	
20190609 000000 6.61e-05 7.287e-05 5.451e-05 5.8e-05	
20190608 000000 4.203e-05 7.943e-05 4.2e-05 6.633e-05	
20190607 000000 4.348e-05 4.5e-05 4e-05 4.236e-05	
20190606 000000 4.013e-05 5.205e-05 3.98e-05 4.328e-05	
20190605 000000 3.281e-05 4.2e-05 3.2e-05 4.009e-05	
20190604 000000 3.249e-05 3.338e-05 3.23e-05 3.281e-05	
20190603 000000 3.276e-05 3.314e-05 3.2e-05 3.245e-05	
20190602 000000 3.216e-05 3.598e-05 3.2e-05 3.276e-05	
20190601 000000 3.242e-05 3.277e-05 3.2e-05 3.216e-05	
20190531 000000 3.258e-05 3.419e-05 3.2e-05 3.238e-05	
20190530 000000 3.445e-05 3.446e-05 3.203e-05 3.258e-05	
20190529 000000 3.523e-05 3.593e-05 3.2e-05 3.444e-05	
20190528 000000 3.468e-05 4.667e-05 3.45e-05 3.516e-05	
20190527 000000 3.543e-05 4.413e-05 3.379e-05 3.47e-05	
20190526 000000 3.61e-05 3.64e-05 3.519e-05 3.54e-05	
20190525 000000 3.638e-05 3.654e-05 3.401e-05 3.607e-05	
20190524 000000 3.502e-05 3.676e-05 3.301e-05 3.638e-05	
20190523 000000 3.288e-05 3.718e-05 3.2e-05 3.5e-05	
20190522 000000 3.234e-05 3.296e-05 3.185e-05 3.29e-05	
20190521 000000 3.362e-05 3.364e-05 3.174e-05 3.235e-05	
20190520 000000 3.142e-05 3.8e-05 3.132e-05 3.36e-05	
20190519 000000 3.156e-05 3.223e-05 3.1e-05 3.141e-05	
20190518 000000 3.469e-05 3.469e-05 3.11e-05 3.158e-05	
20190517 000000 3.163e-05 3.648e-05 3.1e-05 3.47e-05	
20190516 000000 3.252e-05 4.614e-05 3.109e-05 3.163e-05	
20190515 000000 3.264e-05 4e-05 3.004e-05 3.25e-05	
20190514 000000 3.7e-05 3.89e-05 3.2e-05 3.266e-05	
20190513 000000 3.699e-05 3.999e-05 3.188e-05 3.7e-05	
