20190611 000000 5.05e-05 5.143e-05 4.769e-05 4.876e-05	
20190610 000000 5.066e-05 5.348e-05 4.858e-05 5.056e-05	
20190609 000000 4.782e-05 5.302e-05 4.714e-05 5.071e-05	
20190608 000000 4.741e-05 4.897e-05 4.6e-05 4.773e-05	
20190607 000000 4.73e-05 4.783e-05 4.517e-05 4.735e-05	
20190606 000000 4.494e-05 4.79e-05 4.355e-05 4.737e-05	
20190605 000000 4.342e-05 4.71e-05 4.326e-05 4.485e-05	
20190604 000000 4.392e-05 4.507e-05 4.209e-05 4.346e-05	
20190603 000000 4.401e-05 4.461e-05 4.301e-05 4.377e-05	
20190602 000000 4.467e-05 4.597e-05 4.358e-05 4.403e-05	
20190601 000000 4.533e-05 4.648e-05 4.383e-05 4.469e-05	
20190531 000000 4.529e-05 4.793e-05 4.327e-05 4.536e-05	
20190530 000000 4.446e-05 4.607e-05 4.351e-05 4.521e-05	
20190529 000000 4.407e-05 4.55e-05 4.326e-05 4.446e-05	
20190528 000000 4.51e-05 4.594e-05 4.31e-05 4.408e-05	
20190527 000000 4.865e-05 4.939e-05 4.468e-05 4.508e-05	
20190526 000000 4.508e-05 4.95e-05 4.442e-05 4.903e-05	
20190525 000000 4.529e-05 4.651e-05 4.411e-05 4.488e-05	
20190524 000000 4.588e-05 4.658e-05 4.416e-05 4.528e-05	
20190523 000000 4.557e-05 4.761e-05 4.466e-05 4.588e-05	
20190522 000000 4.624e-05 4.64e-05 4.412e-05 4.557e-05	
20190521 000000 4.559e-05 4.724e-05 4.441e-05 4.621e-05	
20190520 000000 4.688e-05 4.751e-05 4.44e-05 4.563e-05	
20190519 000000 4.745e-05 4.952e-05 4.506e-05 4.681e-05	
20190518 000000 4.565e-05 5.238e-05 4.473e-05 4.747e-05	
20190517 000000 4.472e-05 4.762e-05 4.264e-05 4.547e-05	
20190516 000000 4.97e-05 5.5e-05 4.428e-05 4.472e-05	
20190515 000000 5.203e-05 5.397e-05 4.89e-05 4.97e-05	
20190514 000000 5.142e-05 5.436e-05 4.953e-05 5.289e-05	
20190513 000000 5.336e-05 5.553e-05 5.104e-05 5.128e-05	
