20190611 000000 2.22e-06 2.68e-06 2.06e-06 2.33e-06	
20190610 000000 2.29e-06 2.42e-06 2.17e-06 2.22e-06	
20190609 000000 2.18e-06 2.48e-06 2.16e-06 2.29e-06	
20190608 000000 2.09e-06 2.25e-06 1.98e-06 2.18e-06	
20190607 000000 2.27e-06 2.39e-06 2.04e-06 2.09e-06	
20190606 000000 1.95e-06 2.41e-06 1.87e-06 2.27e-06	
20190605 000000 1.9e-06 2.24e-06 1.78e-06 1.95e-06	
20190604 000000 1.86e-06 2.03e-06 1.6e-06 1.88e-06	
20190603 000000 2e-06 2.02e-06 1.81e-06 1.83e-06	
20190602 000000 2.02e-06 2.1e-06 1.85e-06 2e-06	
20190601 000000 2.1e-06 2.31e-06 2e-06 2.02e-06	
20190531 000000 1.96e-06 2.41e-06 1.73e-06 2.11e-06	
20190530 000000 3.47e-06 3.56e-06 1.86e-06 2e-06	
20190529 000000 5.01e-06 5.86e-06 3.15e-06 3.46e-06	
20190528 000000 4.93e-06 5.11e-06 4.56e-06 5.05e-06	
20190527 000000 4.95e-06 5.12e-06 4.77e-06 4.93e-06	
20190526 000000 5.1e-06 5.19e-06 4.68e-06 4.97e-06	
20190525 000000 4.45e-06 5.72e-06 4.31e-06 5.08e-06	
20190524 000000 4.4e-06 4.75e-06 4.3e-06 4.46e-06	
20190523 000000 4.22e-06 4.45e-06 4.06e-06 4.39e-06	
20190522 000000 4.31e-06 4.65e-06 4.03e-06 4.24e-06	
20190521 000000 4.49e-06 4.96e-06 4.12e-06 4.31e-06	
20190520 000000 4.68e-06 4.74e-06 4.15e-06 4.51e-06	
20190519 000000 4.56e-06 4.95e-06 4.27e-06 4.68e-06	
20190518 000000 5.04e-06 5.04e-06 4.03e-06 4.56e-06	
20190517 000000 4.16e-06 5.24e-06 4.1e-06 5.04e-06	
20190516 000000 4.53e-06 4.83e-06 3.89e-06 4.15e-06	
20190515 000000 4.97e-06 5.04e-06 4.42e-06 4.52e-06	
20190514 000000 5.39e-06 5.55e-06 4.74e-06 4.97e-06	
20190513 000000 5.05e-06 5.69e-06 4.98e-06 5.38e-06	
