20190611 000000 0.009029 0.01046 0.008487 0.009451	
20190610 000000 0.008541 0.012516 0.008541 0.009008	
20190609 000000 0.005957 0.00875 0.005938 0.008541	
20190608 000000 0.005987 0.006044 0.005897 0.005957	
20190607 000000 0.006018 0.006267 0.005913 0.005981	
20190606 000000 0.005748 0.006402 0.005583 0.006025	
20190605 000000 0.004926 0.006677 0.004723 0.00574	
20190604 000000 0.004296 0.004997 0.00421 0.004939	
20190603 000000 0.004323 0.004415 0.004249 0.004311	
20190602 000000 0.004323 0.004413 0.00429 0.004326	
20190601 000000 0.004406 0.004479 0.004216 0.004323	
20190531 000000 0.004076 0.004925 0.004018 0.004417	
20190530 000000 0.004123 0.004196 0.003934 0.004068	
20190529 000000 0.004235 0.004257 0.004089 0.004122	
20190528 000000 0.004341 0.004369 0.004197 0.004234	
20190527 000000 0.004622 0.004666 0.004165 0.00434	
20190526 000000 0.0044 0.004648 0.004368 0.004622	
20190525 000000 0.004477 0.004553 0.004343 0.004399	
20190524 000000 0.004523 0.004925 0.004451 0.004477	
20190523 000000 0.004364 0.00461 0.00435 0.00452	
20190522 000000 0.004437 0.004452 0.004294 0.004366	
20190521 000000 0.004382 0.004567 0.004263 0.004437	
20190520 000000 0.004247 0.004461 0.004138 0.00438	
20190519 000000 0.004479 0.004508 0.004219 0.004246	
20190518 000000 0.004513 0.004553 0.004309 0.004479	
20190517 000000 0.004414 0.004544 0.004132 0.004501	
20190516 000000 0.005072 0.005176 0.00432 0.004431	
20190515 000000 0.005433 0.005441 0.00496 0.005072	
20190514 000000 0.005628 0.005666 0.005182 0.005433	
20190513 000000 0.005504 0.005657 0.005242 0.005625	
