20190611 000000 0.00953 0.009923 0.00879 0.009039	
20190610 000000 0.010246 0.011035 0.009357 0.00954	
20190609 000000 0.009562 0.0125 0.009546 0.010248	
20190608 000000 0.008467 0.01 0.008151 0.009553	
20190607 000000 0.007838 0.00921 0.007838 0.008459	
20190606 000000 0.00734 0.007969 0.00711 0.007847	
20190605 000000 0.007481 0.008018 0.007215 0.007328	
20190604 000000 0.006635 0.007777 0.006492 0.007494	
20190603 000000 0.006671 0.006978 0.006271 0.006623	
20190602 000000 0.006645 0.006885 0.006325 0.006671	
20190601 000000 0.006467 0.007378 0.006467 0.006626	
20190531 000000 0.005358 0.007502 0.005314 0.006486	
20190530 000000 0.004816 0.0058 0.004748 0.005358	
20190529 000000 0.004745 0.00494 0.004619 0.004819	
20190528 000000 0.00485 0.004952 0.004721 0.004731	
20190527 000000 0.00498 0.005023 0.004696 0.004856	
20190526 000000 0.00486 0.005102 0.004804 0.004975	
20190525 000000 0.004975 0.005081 0.004797 0.00486	
20190524 000000 0.00501 0.005108 0.004909 0.004975	
20190523 000000 0.00495 0.005151 0.00484 0.005005	
20190522 000000 0.00515 0.005171 0.004899 0.004949	
20190521 000000 0.005061 0.005259 0.004956 0.005151	
20190520 000000 0.005109 0.00527 0.004957 0.005072	
20190519 000000 0.005302 0.005354 0.005055 0.005108	
20190518 000000 0.005291 0.0057 0.005043 0.005299	
20190517 000000 0.004969 0.006368 0.004918 0.005326	
20190516 000000 0.005606 0.005811 0.004921 0.004921	
20190515 000000 0.00576 0.00582 0.005364 0.005567	
20190514 000000 0.005707 0.00591 0.005541 0.005776	
20190513 000000 0.005945 0.006258 0.005656 0.005694	
