20190611 000000 5.3e-07 5.4e-07 5.1e-07 5.2e-07	
20190610 000000 5.3e-07 5.7e-07 5.2e-07 5.4e-07	
20190609 000000 5.4e-07 5.5e-07 5.2e-07 5.3e-07	
20190608 000000 5.2e-07 5.4e-07 5e-07 5.4e-07	
20190607 000000 5.4e-07 5.6e-07 5.1e-07 5.2e-07	
20190606 000000 5e-07 5.5e-07 4.9e-07 5.4e-07	
20190605 000000 5e-07 5.6e-07 4.9e-07 5e-07	
20190604 000000 5.1e-07 5.1e-07 4.8e-07 5e-07	
20190603 000000 5.1e-07 5.2e-07 4.8e-07 5.1e-07	
20190602 000000 5.1e-07 5.2e-07 4.9e-07 5e-07	
20190601 000000 5.2e-07 5.3e-07 5e-07 5.2e-07	
20190531 000000 5.2e-07 5.7e-07 5.1e-07 5.3e-07	
20190530 000000 5.3e-07 5.4e-07 4.9e-07 5.1e-07	
20190529 000000 5.6e-07 5.7e-07 5.2e-07 5.4e-07	
20190528 000000 5.7e-07 5.8e-07 5.4e-07 5.6e-07	
20190527 000000 6e-07 6.2e-07 5.5e-07 5.7e-07	
20190526 000000 5.8e-07 6.2e-07 5.7e-07 6e-07	
20190525 000000 5.6e-07 6.6e-07 5.5e-07 5.8e-07	
20190524 000000 5.8e-07 5.9e-07 5.5e-07 5.7e-07	
20190523 000000 5.4e-07 6.2e-07 5.4e-07 5.6e-07	
20190522 000000 5.7e-07 6e-07 5.3e-07 5.4e-07	
20190521 000000 5.3e-07 5.8e-07 5.1e-07 5.7e-07	
20190520 000000 5.5e-07 5.8e-07 5.1e-07 5.4e-07	
20190519 000000 5.6e-07 5.8e-07 5.2e-07 5.4e-07	
20190518 000000 5.7e-07 5.9e-07 5.1e-07 5.5e-07	
20190517 000000 5.1e-07 5.7e-07 4.8e-07 5.7e-07	
20190516 000000 5.8e-07 6.2e-07 5e-07 5.1e-07	
20190515 000000 5.9e-07 6.2e-07 5.4e-07 5.9e-07	
20190514 000000 6e-07 6.2e-07 5.7e-07 5.9e-07	
20190513 000000 6.4e-07 6.7e-07 5.9e-07 6e-07	
