20190611 000000 2.575e-05 2.9e-05 2.429e-05 2.756e-05	
20190610 000000 2.968e-05 2.969e-05 2.442e-05 2.582e-05	
20190609 000000 3.715e-05 3.715e-05 2.96e-05 2.968e-05	
20190608 000000 2.616e-05 4.337e-05 2.613e-05 3.716e-05	
20190607 000000 2.509e-05 2.938e-05 2.377e-05 2.616e-05	
20190606 000000 2.246e-05 2.617e-05 2.193e-05 2.509e-05	
20190605 000000 2.268e-05 2.3e-05 2.143e-05 2.246e-05	
20190604 000000 2.4e-05 2.417e-05 2.227e-05 2.267e-05	
20190603 000000 2.363e-05 2.597e-05 2.227e-05 2.326e-05	
20190602 000000 2.453e-05 2.46e-05 2.168e-05 2.361e-05	
20190601 000000 2.392e-05 2.472e-05 2.377e-05 2.442e-05	
20190531 000000 2.488e-05 2.505e-05 2.308e-05 2.394e-05	
20190530 000000 2.671e-05 2.714e-05 2.35e-05 2.488e-05	
20190529 000000 2.434e-05 3e-05 2.434e-05 2.662e-05	
20190528 000000 2.304e-05 2.6e-05 2.282e-05 2.432e-05	
20190527 000000 2.338e-05 2.55e-05 2.031e-05 2.304e-05	
20190526 000000 2.317e-05 2.486e-05 2.267e-05 2.34e-05	
20190525 000000 2.391e-05 2.602e-05 2.258e-05 2.32e-05	
20190524 000000 2.344e-05 2.755e-05 2.28e-05 2.396e-05	
20190523 000000 2.246e-05 2.465e-05 2.171e-05 2.334e-05	
20190522 000000 2.441e-05 2.472e-05 2.204e-05 2.239e-05	
20190521 000000 2.464e-05 2.603e-05 2.277e-05 2.439e-05	
20190520 000000 2.548e-05 2.618e-05 2.295e-05 2.465e-05	
20190519 000000 2.421e-05 2.814e-05 2.4e-05 2.553e-05	
20190518 000000 2.374e-05 2.432e-05 2.237e-05 2.416e-05	
20190517 000000 2.221e-05 2.441e-05 2.054e-05 2.367e-05	
20190516 000000 2.483e-05 3.1e-05 1.999e-05 2.22e-05	
20190515 000000 2.683e-05 2.705e-05 2.288e-05 2.465e-05	
20190514 000000 2.501e-05 3.5e-05 2.3e-05 2.678e-05	
20190513 000000 2.798e-05 3.039e-05 2.483e-05 2.52e-05	
