20190611 000000 0.01353947 0.01391938 0.0132 0.01383947	
20190610 000000 0.01274646 0.01360869 0.01271253 0.01350983	
20190609 000000 0.01233012 0.0127696 0.01226315 0.01273895	
20190608 000000 0.01237392 0.01251486 0.01220708 0.01231606	
20190607 000000 0.01240818 0.01265286 0.01225612 0.01236897	
20190606 000000 0.01244075 0.0126644 0.01215259 0.01244276	
20190605 000000 0.01220955 0.01293547 0.01202129 0.01241966	
20190604 000000 0.01199156 0.01228942 0.01159968 0.01216666	
20190603 000000 0.01217678 0.01256272 0.01168789 0.01198116	
20190602 000000 0.01187679 0.01223838 0.01176476 0.01217104	
20190601 000000 0.01207372 0.012632 0.01185467 0.0118915	
20190531 000000 0.01167 0.01321787 0.01166762 0.01207915	
20190530 000000 0.01220944 0.01245705 0.01142106 0.01167211	
20190529 000000 0.01229 0.01258333 0.01212843 0.01220494	
20190528 000000 0.01219347 0.01300724 0.01179001 0.01229951	
20190527 000000 0.0128107 0.0129 0.01208844 0.01218174	
20190526 000000 0.01277054 0.01340571 0.01275003 0.01282261	
20190525 000000 0.01315254 0.01396385 0.0127027 0.01277046	
20190524 000000 0.01247558 0.01341709 0.01193659 0.01315684	
20190523 000000 0.01152005 0.01247898 0.01136151 0.01247557	
20190522 000000 0.01059067 0.01197999 0.01032406 0.01152719	
20190521 000000 0.01063659 0.0110874 0.01032569 0.01060528	
20190520 000000 0.01055458 0.01081207 0.01031574 0.01065322	
20190519 000000 0.01104 0.01179629 0.01049643 0.01053028	
20190518 000000 0.01114 0.01134854 0.0106413 0.01103065	
20190517 000000 0.00985 0.01121489 0.00966666 0.01114	
20190516 000000 0.01188002 0.01201412 0.00979877 0.00985	
20190515 000000 0.01219 0.01221013 0.01087943 0.01188003	
20190514 000000 0.01202733 0.01236602 0.01145466 0.01219658	
20190513 000000 0.01242757 0.01289394 0.01185565 0.01202637	
