20190611 000000 0.002125 0.002171 0.002071 0.002139	
20190610 000000 0.002129 0.002397 0.002119 0.002124	
20190609 000000 0.002108 0.002151 0.002071 0.00213	
20190608 000000 0.002083 0.002152 0.00204 0.002107	
20190607 000000 0.002075 0.002299 0.002015 0.002083	
20190606 000000 0.002035 0.002208 0.00199 0.002073	
20190605 000000 0.002056 0.002079 0.002002 0.002035	
20190604 000000 0.002171 0.002414 0.001992 0.002057	
20190603 000000 0.00229 0.002299 0.002082 0.002171	
20190602 000000 0.002056 0.002507 0.00204 0.002288	
20190601 000000 0.002078 0.002098 0.002002 0.002055	
20190531 000000 0.002176 0.002292 0.00201 0.002079	
20190530 000000 0.002116 0.002416 0.00198 0.002177	
20190529 000000 0.002061 0.00216 0.002014 0.002113	
20190528 000000 0.002058 0.002196 0.002037 0.002061	
20190527 000000 0.002169 0.002249 0.002051 0.002058	
20190526 000000 0.002188 0.002252 0.002098 0.002169	
20190525 000000 0.002452 0.002517 0.002116 0.002188	
20190524 000000 0.002239 0.002522 0.002066 0.002449	
20190523 000000 0.002039 0.002269 0.001955 0.002231	
20190522 000000 0.002255 0.002418 0.002036 0.00204	
20190521 000000 0.00249 0.002492 0.002214 0.002256	
20190520 000000 0.002295 0.0026 0.002284 0.00249	
20190519 000000 0.002408 0.002654 0.00223 0.002292	
20190518 000000 0.00239 0.002751 0.002326 0.002408	
20190517 000000 0.002326 0.002414 0.002098 0.00239	
20190516 000000 0.002803 0.00289 0.002311 0.002324	
20190515 000000 0.002987 0.003797 0.002754 0.002805	
20190514 000000 0.002993 0.004696 0.002893 0.00291	
20190513 000000 0.002829 0.00302 0.002759 0.002979	
