20190611 000000 0.00012557 0.00014627 0.000123 0.00013396	
20190610 000000 0.00015712 0.00016563 0.00011227 0.00012564	
20190609 000000 0.00016822 0.00018417 0.00014001 0.00016066	
20190608 000000 0.0001539 0.00020547 0.00013888 0.00016645	
20190607 000000 0.00010789 0.00018 0.000107 0.00015384	
20190606 000000 9.448e-05 0.000132 8.28e-05 0.00010803	
20190605 000000 7.527e-05 0.00011266 7.451e-05 9.562e-05	
20190604 000000 7.663e-05 7.961e-05 6.843e-05 7.612e-05	
20190603 000000 7.199e-05 8.364e-05 6.897e-05 7.78e-05	
20190602 000000 6.772e-05 7.993e-05 6.001e-05 7.078e-05	
20190601 000000 5.545e-05 8.765e-05 5.324e-05 6.762e-05	
20190531 000000 4.485e-05 5.8e-05 4.452e-05 5.531e-05	
20190530 000000 4.816e-05 5.341e-05 4.187e-05 4.474e-05	
20190529 000000 3.981e-05 4.999e-05 3.48e-05 4.682e-05	
20190528 000000 4.289e-05 5.899e-05 3.958e-05 3.981e-05	
20190527 000000 3.08e-05 4.492e-05 2.89e-05 4.27e-05	
20190526 000000 2.942e-05 3.275e-05 2.793e-05 3.077e-05	
20190525 000000 2.746e-05 3.093e-05 2.706e-05 2.942e-05	
20190524 000000 2.629e-05 2.933e-05 2.619e-05 2.748e-05	
20190523 000000 2.567e-05 2.902e-05 2.462e-05 2.629e-05	
20190522 000000 2.93e-05 2.941e-05 2.489e-05 2.563e-05	
20190521 000000 3.549e-05 3.922e-05 2.68e-05 2.93e-05	
20190520 000000 2.613e-05 4.137e-05 2.6e-05 3.549e-05	
20190519 000000 2.409e-05 3.128e-05 2.3e-05 2.613e-05	
20190518 000000 2.883e-05 2.883e-05 2.24e-05 2.414e-05	
20190517 000000 2.118e-05 4.3e-05 2.001e-05 2.88e-05	
20190516 000000 2.37e-05 2.73e-05 2e-05 2.123e-05	
20190515 000000 2.273e-05 2.68e-05 1.926e-05 2.33e-05	
20190514 000000 2.536e-05 2.645e-05 2.202e-05 2.271e-05	
20190513 000000 2.61e-05 2.887e-05 2.5e-05 2.538e-05	
