20190611 000000 1.39e-06 1.433e-06 1.3661e-06 1.43e-06	
20190610 000000 1.517e-06 1.561e-06 1.3661e-06 1.385e-06	
20190609 000000 1.701e-06 1.7613e-06 1.484e-06 1.516e-06	
20190608 000000 1.621e-06 1.7788e-06 1.49e-06 1.698e-06	
20190607 000000 1.5747e-06 1.928e-06 1.3992e-06 1.616e-06	
20190606 000000 1.29e-06 1.6e-06 1.2654e-06 1.5747e-06	
20190605 000000 1.249e-06 1.3307e-06 1.24e-06 1.29e-06	
20190604 000000 1.333e-06 1.4507e-06 1.0289e-06 1.24e-06	
20190603 000000 1.328e-06 1.3575e-06 1.226e-06 1.3575e-06	
20190602 000000 1.41e-06 1.417e-06 1.3088e-06 1.327e-06	
20190601 000000 1.434e-06 1.49e-06 1.3214e-06 1.41e-06	
20190531 000000 1.321e-06 1.55e-06 1.2641e-06 1.4393e-06	
20190530 000000 1.395e-06 1.4e-06 1.284e-06 1.32e-06	
20190529 000000 1.46e-06 1.475e-06 1.3822e-06 1.397e-06	
20190528 000000 1.423e-06 1.484e-06 1.3094e-06 1.463e-06	
20190527 000000 1.581e-06 1.5928e-06 1.3804e-06 1.423e-06	
20190526 000000 1.589e-06 1.62e-06 1.5e-06 1.586e-06	
20190525 000000 1.578e-06 1.7199e-06 1.5e-06 1.586e-06	
20190524 000000 1.569e-06 1.92e-06 1.544e-06 1.578e-06	
20190523 000000 1.6168e-06 1.7237e-06 1.51e-06 1.572e-06	
20190522 000000 1.793e-06 1.9375e-06 1.542e-06 1.612e-06	
20190521 000000 1.857e-06 2.3e-06 1.75e-06 1.797e-06	
20190520 000000 2.029e-06 2.0294e-06 1.6e-06 1.857e-06	
20190519 000000 1.871e-06 2.1768e-06 1.6112e-06 2.0279e-06	
20190518 000000 1.703e-06 1.9274e-06 1.3682e-06 1.871e-06	
20190517 000000 1.404e-06 1.717e-06 1.3604e-06 1.687e-06	
20190516 000000 1.511e-06 1.6409e-06 1.288e-06 1.404e-06	
20190515 000000 1.604e-06 1.6091e-06 1.3001e-06 1.51e-06	
20190514 000000 1.834e-06 1.8576e-06 1.5014e-06 1.594e-06	
20190513 000000 1.9874e-06 2.0587e-06 1.8133e-06 1.84e-06	
