20190611 000000 4.757e-05 4.83e-05 4.572e-05 4.636e-05	
20190610 000000 4.627e-05 5.128e-05 4.591e-05 4.757e-05	
20190609 000000 4.651e-05 4.729e-05 4.619e-05 4.627e-05	
20190608 000000 4.633e-05 4.753e-05 4.542e-05 4.65e-05	
20190607 000000 4.516e-05 4.644e-05 4.425e-05 4.634e-05	
20190606 000000 4.53e-05 4.672e-05 4.435e-05 4.525e-05	
20190605 000000 4.787e-05 4.954e-05 4.507e-05 4.527e-05	
20190604 000000 4.88e-05 4.919e-05 4.499e-05 4.783e-05	
20190603 000000 4.809e-05 4.876e-05 4.567e-05 4.876e-05	
20190602 000000 4.879e-05 4.948e-05 4.774e-05 4.809e-05	
20190601 000000 5.011e-05 5.041e-05 4.839e-05 4.878e-05	
20190531 000000 4.955e-05 5.27e-05 4.944e-05 4.992e-05	
20190530 000000 4.98e-05 5.167e-05 4.792e-05 4.96e-05	
20190529 000000 5.097e-05 5.204e-05 4.8e-05 4.98e-05	
20190528 000000 4.91e-05 5.323e-05 4.846e-05 5.094e-05	
20190527 000000 5.004e-05 5.007e-05 4.77e-05 4.911e-05	
20190526 000000 4.8e-05 5.238e-05 4.785e-05 5e-05	
20190525 000000 4.839e-05 4.884e-05 4.75e-05 4.8e-05	
20190524 000000 4.868e-05 4.976e-05 4.792e-05 4.845e-05	
20190523 000000 4.747e-05 4.942e-05 4.664e-05 4.867e-05	
20190522 000000 4.918e-05 5.096e-05 4.676e-05 4.745e-05	
20190521 000000 4.897e-05 5.247e-05 4.72e-05 4.92e-05	
20190520 000000 4.884e-05 5.031e-05 4.674e-05 4.903e-05	
20190519 000000 5.028e-05 5.096e-05 4.814e-05 4.885e-05	
20190518 000000 5.135e-05 5.165e-05 4.926e-05 5.028e-05	
20190517 000000 5.111e-05 5.203e-05 4.802e-05 5.142e-05	
20190516 000000 6.048e-05 6.316e-05 5.056e-05 5.078e-05	
20190515 000000 6.452e-05 6.642e-05 6e-05 6.047e-05	
20190514 000000 6.442e-05 6.662e-05 6.211e-05 6.461e-05	
20190513 000000 6.648e-05 7.06e-05 6.388e-05 6.432e-05	
