20190611 000000 0.001755 0.001755 0.001695 0.00172	
20190610 000000 0.001734 0.001798 0.001724 0.001762	
20190609 000000 0.001719 0.001777 0.001713 0.001735	
20190608 000000 0.001776 0.001835 0.001712 0.00172	
20190607 000000 0.001733 0.001784 0.001687 0.001776	
20190606 000000 0.001742 0.001763 0.001715 0.001731	
20190605 000000 0.001777 0.001793 0.001731 0.001745	
20190604 000000 0.001814 0.001828 0.001729 0.001774	
20190603 000000 0.00184 0.001847 0.00177 0.001815	
20190602 000000 0.001819 0.001848 0.001779 0.00184	
20190601 000000 0.001874 0.001943 0.001777 0.001816	
20190531 000000 0.001799 0.001921 0.001783 0.001872	
20190530 000000 0.001921 0.002041 0.001787 0.001801	
20190529 000000 0.001661 0.001968 0.00164 0.001926	
20190528 000000 0.001527 0.001695 0.001511 0.001655	
20190527 000000 0.00152 0.001567 0.001492 0.001526	
20190526 000000 0.001525 0.001558 0.001511 0.00152	
20190525 000000 0.001559 0.001567 0.001503 0.001525	
20190524 000000 0.001582 0.001612 0.001534 0.001557	
20190523 000000 0.001595 0.001627 0.001537 0.001583	
20190522 000000 0.001624 0.001662 0.001596 0.001596	
20190521 000000 0.001606 0.001637 0.001589 0.001622	
20190520 000000 0.001624 0.00165 0.001588 0.001607	
20190519 000000 0.001623 0.001788 0.001593 0.001624	
20190518 000000 0.001621 0.001647 0.001591 0.001624	
20190517 000000 0.001589 0.001633 0.001528 0.001619	
20190516 000000 0.001742 0.00198 0.00158 0.001582	
20190515 000000 0.001766 0.001809 0.001645 0.001743	
20190514 000000 0.001591 0.001818 0.001555 0.001764	
20190513 000000 0.001588 0.001665 0.001571 0.001589	
