20190611 000000 0.000278 0.000281 0.000271 0.00028	
20190610 000000 0.000282 0.00029 0.000271 0.000278	
20190609 000000 0.000292 0.000292 0.000279 0.000282	
20190608 000000 0.000288 0.000304 0.000281 0.000291	
20190607 000000 0.000291 0.000295 0.000281 0.000288	
20190606 000000 0.000295 0.000298 0.00028 0.000289	
20190605 000000 0.00032 0.000325 0.00029 0.000295	
20190604 000000 0.000283 0.00033 0.000275 0.000321	
20190603 000000 0.000248 0.000285 0.000248 0.000284	
20190602 000000 0.000244 0.000259 0.00024 0.000248	
20190601 000000 0.00025 0.000253 0.000237 0.000243	
20190531 000000 0.000252 0.000265 0.000242 0.000249	
20190530 000000 0.000243 0.000264 0.000231 0.000252	
20190529 000000 0.000254 0.000256 0.000233 0.000242	
20190528 000000 0.000267 0.000269 0.000252 0.000254	
20190527 000000 0.000282 0.000287 0.00025 0.000267	
20190526 000000 0.000294 0.000295 0.000268 0.000282	
20190525 000000 0.000291 0.000303 0.000284 0.000295	
20190524 000000 0.000302 0.000325 0.000284 0.000291	
20190523 000000 0.000321 0.000329 0.000284 0.000302	
20190522 000000 0.000311 0.000373 0.000307 0.00032	
20190521 000000 0.000291 0.000329 0.000279 0.000311	
20190520 000000 0.000309 0.00031 0.000282 0.000291	
20190519 000000 0.000297 0.000335 0.000287 0.00031	
20190518 000000 0.000294 0.000305 0.000263 0.000297	
20190517 000000 0.000288 0.000326 0.000256 0.000293	
20190516 000000 0.000246 0.000307 0.000246 0.000288	
20190515 000000 0.000251 0.000269 0.000224 0.000247	
20190514 000000 0.000253 0.000273 0.000239 0.000252	
20190513 000000 0.00027 0.000281 0.000251 0.000252	
