20190611 000000 0.00159443 0.0017175 0.00155484 0.00166343	
20190610 000000 0.00156976 0.00174781 0.0015563 0.00159807	
20190609 000000 0.00151884 0.001772 0.00147709 0.00156909	
20190608 000000 0.0015046 0.00159311 0.00144539 0.00152002	
20190607 000000 0.00141581 0.00159322 0.00138 0.00150453	
20190606 000000 0.00155063 0.00168975 0.00140086 0.00140329	
20190605 000000 0.00125023 0.00171262 0.00118001 0.00154156	
20190604 000000 0.001264 0.00127911 0.00114963 0.00125752	
20190603 000000 0.00114168 0.00129357 0.0011 0.0012512	
20190602 000000 0.00120098 0.00120886 0.00108144 0.00113825	
20190601 000000 0.00120441 0.00143166 0.00113901 0.00120171	
20190531 000000 0.0009151 0.00123169 0.00088241 0.00119395	
20190530 000000 0.0009916 0.00100425 0.00086855 0.00091627	
20190529 000000 0.00109559 0.00111932 0.000923 0.00099793	
20190528 000000 0.001208 0.001288 0.00108373 0.00109347	
20190527 000000 0.00125283 0.00131012 0.00103581 0.001208	
20190526 000000 0.00104026 0.001479 0.00095307 0.00125362	
20190525 000000 0.00081905 0.00109878 0.00074324 0.00104387	
20190524 000000 0.0005987 0.00083 0.00059496 0.0008149	
20190523 000000 0.00056619 0.00063618 0.00055361 0.00059696	
20190522 000000 0.00057849 0.0005896 0.00055144 0.00056619	
20190521 000000 0.00056073 0.00058132 0.00054405 0.00057935	
20190520 000000 0.00057254 0.00058655 0.00054862 0.00056051	
20190519 000000 0.00059538 0.00061111 0.00056841 0.00057253	
20190518 000000 0.00060097 0.00060968 0.00057987 0.0005958	
20190517 000000 0.00057661 0.00061724 0.00054809 0.00059775	
20190516 000000 0.00065468 0.00072404 0.0005712 0.00057682	
20190515 000000 0.0006731 0.00072272 0.00063111 0.00065777	
20190514 000000 0.00066502 0.00067931 0.00063567 0.0006731	
20190513 000000 0.00066809 0.00069665 0.00064456 0.00066616	
