20190611 000000 1.866e-05 1.88e-05 1.838e-05 1.875e-05	
20190610 000000 1.887e-05 1.924e-05 1.841e-05 1.865e-05	
20190609 000000 1.856e-05 1.893e-05 1.836e-05 1.887e-05	
20190608 000000 1.761e-05 1.891e-05 1.743e-05 1.86e-05	
20190607 000000 1.699e-05 1.764e-05 1.667e-05 1.761e-05	
20190606 000000 1.72e-05 1.737e-05 1.67e-05 1.7e-05	
20190605 000000 1.762e-05 1.795e-05 1.693e-05 1.72e-05	
20190604 000000 1.729e-05 1.783e-05 1.713e-05 1.76e-05	
20190603 000000 1.789e-05 1.819e-05 1.695e-05 1.73e-05	
20190602 000000 1.772e-05 1.818e-05 1.736e-05 1.789e-05	
20190601 000000 1.923e-05 1.959e-05 1.766e-05 1.772e-05	
20190531 000000 1.98e-05 2.174e-05 1.886e-05 1.923e-05	
20190530 000000 1.664e-05 2.266e-05 1.644e-05 1.983e-05	
20190529 000000 1.652e-05 1.675e-05 1.615e-05 1.664e-05	
20190528 000000 1.657e-05 1.698e-05 1.619e-05 1.65e-05	
20190527 000000 1.768e-05 1.792e-05 1.646e-05 1.657e-05	
20190526 000000 1.747e-05 1.777e-05 1.712e-05 1.768e-05	
20190525 000000 1.7e-05 1.75e-05 1.681e-05 1.747e-05	
20190524 000000 1.697e-05 1.74e-05 1.644e-05 1.7e-05	
20190523 000000 1.64e-05 1.765e-05 1.632e-05 1.698e-05	
20190522 000000 1.705e-05 1.753e-05 1.614e-05 1.643e-05	
20190521 000000 1.645e-05 1.71e-05 1.611e-05 1.704e-05	
20190520 000000 1.65e-05 1.667e-05 1.566e-05 1.645e-05	
20190519 000000 1.657e-05 1.772e-05 1.61e-05 1.648e-05	
20190518 000000 1.658e-05 1.693e-05 1.611e-05 1.657e-05	
20190517 000000 1.569e-05 1.758e-05 1.561e-05 1.658e-05	
20190516 000000 1.804e-05 1.854e-05 1.565e-05 1.573e-05	
20190515 000000 1.96e-05 1.965e-05 1.779e-05 1.804e-05	
20190514 000000 2.057e-05 2.11e-05 1.881e-05 1.959e-05	
20190513 000000 1.909e-05 2.223e-05 1.882e-05 2.057e-05	
