20190611 000000 0.00011257 0.00012449 0.0001085 0.00011908	
20190610 000000 0.00011428 0.00011975 0.00010861 0.00011249	
20190609 000000 0.00012097 0.00012174 0.00011159 0.00011383	
20190608 000000 0.00012691 0.000145 0.0001132 0.00012119	
20190607 000000 0.00010688 0.000138 0.00010505 0.00012685	
20190606 000000 0.00010605 0.00011232 0.00010114 0.00010694	
20190605 000000 0.00010187 0.000117 0.00010158 0.00010625	
20190604 000000 9.052e-05 0.0001082 8.857e-05 0.00010189	
20190603 000000 9.642e-05 9.8e-05 9.057e-05 9.149e-05	
20190602 000000 9.643e-05 9.999e-05 9.063e-05 9.621e-05	
20190601 000000 0.00010115 0.00010124 9.328e-05 9.632e-05	
20190531 000000 0.00010223 0.00011302 9.439e-05 0.00010113	
20190530 000000 0.00011208 0.00011586 9.98e-05 0.00010224	
20190529 000000 0.00010723 0.00012828 0.00010406 0.00011194	
20190528 000000 0.0001087 0.00011468 0.00010264 0.00010686	
20190527 000000 0.00011102 0.0001287 0.00010268 0.00010852	
20190526 000000 0.00012691 0.00012936 0.00010241 0.00011101	
20190525 000000 7.622e-05 0.00013991 7.53e-05 0.00012694	
20190524 000000 7.576e-05 8.394e-05 7.387e-05 7.622e-05	
20190523 000000 7.934e-05 8.25e-05 7.236e-05 7.61e-05	
20190522 000000 8.125e-05 8.3e-05 7.8e-05 7.944e-05	
20190521 000000 8.221e-05 8.742e-05 7.819e-05 8.057e-05	
20190520 000000 8.667e-05 8.882e-05 7.7e-05 8.262e-05	
20190519 000000 9.408e-05 9.842e-05 8.5e-05 8.672e-05	
20190518 000000 8.808e-05 0.00010056 8.011e-05 9.408e-05	
20190517 000000 7.885e-05 9.3e-05 7.612e-05 8.791e-05	
20190516 000000 9.87e-05 0.0001006 7.859e-05 7.91e-05	
20190515 000000 0.00011404 0.00011686 9.772e-05 9.875e-05	
20190514 000000 0.00012222 0.00012749 0.000109 0.00011404	
20190513 000000 0.00011883 0.000134 0.00011001 0.00012221	
