20190611 000000 0.006671 0.006851 0.006222 0.006562	
20190610 000000 0.006849 0.007587 0.006276 0.006655	
20190609 000000 0.00692 0.007124 0.006506 0.006785	
20190608 000000 0.006215 0.00699 0.006159 0.00692	
20190607 000000 0.006237 0.006325 0.00611 0.006222	
20190606 000000 0.005817 0.006335 0.005808 0.006215	
20190605 000000 0.006086 0.00662 0.005781 0.00582	
20190604 000000 0.005802 0.0064 0.005701 0.006097	
20190603 000000 0.006105 0.00613 0.0057 0.005804	
20190602 000000 0.005179 0.006398 0.005171 0.006085	
20190601 000000 0.005422 0.005479 0.0051 0.005184	
20190531 000000 0.005496 0.005872 0.005288 0.005421	
20190530 000000 0.005482 0.00687 0.005382 0.005503	
20190529 000000 0.005036 0.005879 0.004913 0.005486	
20190528 000000 0.004906 0.005046 0.004667 0.005035	
20190527 000000 0.004792 0.005301 0.004559 0.004915	
20190526 000000 0.004824 0.004913 0.004698 0.004783	
20190525 000000 0.004762 0.004896 0.004588 0.004825	
20190524 000000 0.004796 0.005092 0.004706 0.004759	
20190523 000000 0.004639 0.004837 0.004449 0.004793	
20190522 000000 0.004495 0.004886 0.004493 0.004635	
20190521 000000 0.004516 0.004639 0.004345 0.004496	
20190520 000000 0.004598 0.004633 0.004367 0.004539	
20190519 000000 0.004781 0.004838 0.004495 0.0046	
20190518 000000 0.004952 0.005077 0.004717 0.004778	
20190517 000000 0.00448 0.004951 0.00395 0.00495	
20190516 000000 0.005126 0.005446 0.004468 0.004475	
20190515 000000 0.005418 0.00591 0.004883 0.00513	
20190514 000000 0.005603 0.00591 0.005071 0.005419	
20190513 000000 0.005802 0.00619 0.005503 0.005609	
