20190611 000000 0.00112813 0.00113343 0.00108177 0.00111295	
20190610 000000 0.00110976 0.00118364 0.00109574 0.00113007	
20190609 000000 0.00106496 0.00113594 0.00105195 0.00110844	
20190608 000000 0.00104172 0.00111587 0.00103016 0.00106559	
20190607 000000 0.00102406 0.00107901 0.0010117 0.00103564	
20190606 000000 0.00100738 0.00103124 0.00098569 0.0010245	
20190605 000000 0.0010506 0.00105517 0.00099306 0.00100728	
20190604 000000 0.00102087 0.0011158 0.00100564 0.00104945	
20190603 000000 0.00101069 0.00104754 0.000994 0.00102087	
20190602 000000 0.00100502 0.00102374 0.00098697 0.00100918	
20190601 000000 0.0010547 0.00106257 0.001 0.00100265	
20190531 000000 0.00101863 0.00108917 0.0010029 0.00105215	
20190530 000000 0.00105044 0.00105901 0.00099994 0.00101451	
20190529 000000 0.00106783 0.00109238 0.00097019 0.00105065	
20190528 000000 0.00104367 0.0011346 0.00102969 0.00106783	
20190527 000000 0.00111808 0.00112368 0.00103564 0.0010451	
20190526 000000 0.00111706 0.00121277 0.00110712 0.00111833	
20190525 000000 0.00114115 0.00123441 0.00108491 0.00111949	
20190524 000000 0.00118457 0.00135101 0.00112848 0.00114217	
20190523 000000 0.00112524 0.00121605 0.00103444 0.00117518	
20190522 000000 0.00110099 0.00115531 0.00103 0.00111822	
20190521 000000 0.0010752 0.00112274 0.00103666 0.00110109	
20190520 000000 0.00100186 0.00109219 0.00097019 0.00107897	
20190519 000000 0.0010308 0.00107963 0.00098182 0.00100691	
20190518 000000 0.00100047 0.00106058 0.00100047 0.00104206	
20190517 000000 0.00097494 0.00104971 0.00094526 0.00100191	
20190516 000000 0.00111679 0.0011779 0.00096064 0.00097539	
20190515 000000 0.00119697 0.00124661 0.00110102 0.00112223	
20190514 000000 0.00109579 0.00145 0.00097053 0.0011937	
20190513 000000 0.00112329 0.00118431 0.00108443 0.00109649	
