20190611 000000 0.00032211 0.00033204 0.00030477 0.00031619	
20190610 000000 0.00032227 0.00036887 0.00031873 0.00032129	
20190609 000000 0.00029985 0.00036999 0.0002924 0.00032115	
20190608 000000 0.00030954 0.00031353 0.000285 0.00029967	
20190607 000000 0.00031071 0.00032879 0.00030129 0.00030921	
20190606 000000 0.00029908 0.00031914 0.0002839 0.0003112	
20190605 000000 0.00029612 0.0003047 0.00027942 0.00029833	
20190604 000000 0.00028494 0.0003018 0.00027001 0.00029631	
20190603 000000 0.00026953 0.00030533 0.00026138 0.00028488	
20190602 000000 0.0002669 0.00027666 0.0002559 0.00026966	
20190601 000000 0.00026678 0.00029209 0.00025373 0.00026651	
20190531 000000 0.00023339 0.00028843 0.00023272 0.00027372	
20190530 000000 0.00022718 0.00024688 0.00021426 0.00023359	
20190529 000000 0.00022373 0.00023968 0.00021178 0.00022702	
20190528 000000 0.00023676 0.00025568 0.00022221 0.0002238	
20190527 000000 0.00025931 0.00025962 0.00023155 0.00023783	
20190526 000000 0.00025338 0.00026119 0.00025152 0.00025936	
20190525 000000 0.00025696 0.00027 0.0002466 0.00025338	
20190524 000000 0.00026186 0.000274 0.00024563 0.00025621	
20190523 000000 0.00026173 0.00027745 0.00024921 0.00026212	
20190522 000000 0.00027586 0.000281 0.00026038 0.00026173	
20190521 000000 0.00025984 0.00028833 0.00025354 0.00027585	
20190520 000000 0.00027772 0.00029853 0.00025369 0.00026004	
20190519 000000 0.00027848 0.00029371 0.00025679 0.00027745	
20190518 000000 0.000283 0.00032145 0.00024001 0.00027765	
20190517 000000 0.00022561 0.00029262 0.00021592 0.00028234	
20190516 000000 0.00025475 0.00026539 0.0002223 0.00022534	
20190515 000000 0.00027469 0.0002806 0.00024251 0.000256	
20190514 000000 0.00029571 0.00029853 0.00027 0.00027352	
20190513 000000 0.000318 0.00032004 0.000292 0.00029509	
