20190611 000000 0.000173 0.000212 0.000172 0.000205	
20190610 000000 0.000166 0.000184 0.000162 0.000173	
20190609 000000 0.000153 0.000167 0.000149 0.000165	
20190608 000000 0.000157 0.000158 0.000146 0.000153	
20190607 000000 0.000159 0.000163 0.000153 0.000158	
20190606 000000 0.000153 0.00016 0.00015 0.000159	
20190605 000000 0.000153 0.000164 0.000151 0.000154	
20190604 000000 0.000151 0.00016 0.000144 0.000155	
20190603 000000 0.000148 0.000159 0.000145 0.000151	
20190602 000000 0.000152 0.000154 0.000145 0.000149	
20190601 000000 0.000159 0.00016 0.000149 0.000152	
20190531 000000 0.000155 0.00017 0.000145 0.000159	
20190530 000000 0.000171 0.000184 0.000153 0.000157	
20190529 000000 0.000153 0.000182 0.000151 0.000171	
20190528 000000 0.000156 0.000158 0.00015 0.000152	
20190527 000000 0.00016 0.000165 0.00015 0.000156	
20190526 000000 0.000157 0.000166 0.000156 0.00016	
20190525 000000 0.000157 0.000162 0.000153 0.000157	
20190524 000000 0.000154 0.000169 0.000153 0.000155	
20190523 000000 0.000162 0.000167 0.000151 0.000154	
20190522 000000 0.00017 0.000193 0.000158 0.000162	
20190521 000000 0.000169 0.000182 0.000159 0.000169	
20190520 000000 0.000172 0.000176 0.000165 0.000168	
20190519 000000 0.000172 0.00018 0.000167 0.000171	
20190518 000000 0.000174 0.000188 0.000165 0.000172	
20190517 000000 0.000169 0.000186 0.00016 0.000174	
20190516 000000 0.000191 0.00021 0.000169 0.000169	
20190515 000000 0.000206 0.000211 0.000185 0.000191	
20190514 000000 0.000226 0.000227 0.000194 0.000205	
20190513 000000 0.000251 0.000262 0.000223 0.000226	
