20190611 000000 2.771e-05 2.819e-05 2.644e-05 2.673e-05	
20190610 000000 2.805e-05 3.05e-05 2.682e-05 2.776e-05	
20190609 000000 2.687e-05 3.5e-05 2.5e-05 2.812e-05	
20190608 000000 2.627e-05 2.753e-05 2.597e-05 2.686e-05	
20190607 000000 2.594e-05 2.672e-05 2.51e-05 2.626e-05	
20190606 000000 2.501e-05 2.608e-05 2.462e-05 2.596e-05	
20190605 000000 2.567e-05 2.58e-05 2.452e-05 2.501e-05	
20190604 000000 2.562e-05 2.634e-05 2.453e-05 2.533e-05	
20190603 000000 2.628e-05 2.639e-05 2.477e-05 2.556e-05	
20190602 000000 2.597e-05 2.651e-05 2.53e-05 2.626e-05	
20190601 000000 2.628e-05 2.651e-05 2.52e-05 2.596e-05	
20190531 000000 2.659e-05 2.777e-05 2.572e-05 2.626e-05	
20190530 000000 2.698e-05 2.764e-05 2.457e-05 2.668e-05	
20190529 000000 2.877e-05 2.965e-05 2.615e-05 2.697e-05	
20190528 000000 3.015e-05 3.015e-05 2.834e-05 2.871e-05	
20190527 000000 3.137e-05 3.332e-05 2.943e-05 3.01e-05	
20190526 000000 2.898e-05 3.5e-05 2.898e-05 3.147e-05	
20190525 000000 2.86e-05 3.161e-05 2.781e-05 2.895e-05	
20190524 000000 2.698e-05 3.009e-05 2.638e-05 2.859e-05	
20190523 000000 2.687e-05 2.865e-05 2.612e-05 2.707e-05	
20190522 000000 2.588e-05 2.785e-05 2.516e-05 2.687e-05	
20190521 000000 2.562e-05 2.649e-05 2.496e-05 2.587e-05	
20190520 000000 2.605e-05 2.662e-05 2.521e-05 2.561e-05	
20190519 000000 2.679e-05 2.715e-05 2.532e-05 2.596e-05	
20190518 000000 2.684e-05 2.737e-05 2.589e-05 2.682e-05	
20190517 000000 2.696e-05 3.024e-05 2.481e-05 2.683e-05	
20190516 000000 3.037e-05 3.167e-05 2.637e-05 2.676e-05	
20190515 000000 3.09e-05 3.154e-05 2.844e-05 3.048e-05	
20190514 000000 3.165e-05 3.305e-05 2.947e-05 3.097e-05	
20190513 000000 3.279e-05 3.641e-05 3.098e-05 3.181e-05	
