20190611 000000 0.00462354 0.00495134 0.00450992 0.00470816	
20190610 000000 0.00451009 0.00481428 0.00439411 0.00462591	
20190609 000000 0.00469126 0.00475108 0.00446797 0.00450898	
20190608 000000 0.00470544 0.00497291 0.0046074 0.00469162	
20190607 000000 0.00475377 0.00496707 0.00432491 0.00470529	
20190606 000000 0.00429094 0.0052179 0.00419913 0.00475344	
20190605 000000 0.00371839 0.00439315 0.00357511 0.00428759	
20190604 000000 0.00373451 0.00376795 0.00345289 0.00371735	
20190603 000000 0.00386276 0.00390194 0.0036369 0.00374154	
20190602 000000 0.00369018 0.00394893 0.00352158 0.00385629	
20190601 000000 0.00378047 0.00390026 0.00363304 0.00368478	
20190531 000000 0.00403653 0.00435804 0.00367408 0.00377623	
20190530 000000 0.00446461 0.0044678 0.00398842 0.00403575	
20190529 000000 0.0044743 0.00495665 0.00437825 0.00445967	
20190528 000000 0.00417513 0.00465506 0.00401466 0.00447318	
20190527 000000 0.00424581 0.00472319 0.00391115 0.00415932	
20190526 000000 0.00455143 0.0047558 0.00420562 0.00424906	
20190525 000000 0.00502563 0.00540489 0.00441896 0.00454433	
20190524 000000 0.00535113 0.00587405 0.0048245 0.00502314	
20190523 000000 0.00523269 0.005999 0.00471454 0.00534506	
20190522 000000 0.00441929 0.00572272 0.00435404 0.00523581	
20190521 000000 0.00403021 0.00475932 0.00396137 0.00441929	
20190520 000000 0.00403718 0.00408426 0.00379057 0.0040256	
20190519 000000 0.00378803 0.00417954 0.00375689 0.00402739	
20190518 000000 0.00375513 0.00392866 0.00355947 0.00378931	
20190517 000000 0.00307066 0.00394758 0.00301591 0.00375535	
20190516 000000 0.00338016 0.00367586 0.00304219 0.00310026	
20190515 000000 0.00406441 0.00418 0.00338007 0.00342717	
20190514 000000 0.00334549 0.00438329 0.00313104 0.0040612	
20190513 000000 0.00345578 0.00365426 0.00332439 0.00333975	
