20190611 000000 0.000327 0.000359 0.000324 0.000353	
20190610 000000 0.000335 0.000336 0.00032 0.000327	
20190609 000000 0.000345 0.000354 0.00033 0.000334	
20190608 000000 0.000315 0.000404 0.000311 0.000346	
20190607 000000 0.000301 0.000336 0.000294 0.000315	
20190606 000000 0.000304 0.000309 0.000299 0.000301	
20190605 000000 0.000308 0.000331 0.0003 0.000305	
20190604 000000 0.000306 0.000321 0.000295 0.000307	
20190603 000000 0.000295 0.000313 0.000291 0.000305	
20190602 000000 0.000284 0.000302 0.000281 0.000294	
20190601 000000 0.000293 0.000294 0.00028 0.000284	
20190531 000000 0.000296 0.000307 0.000289 0.000293	
20190530 000000 0.000296 0.000305 0.000279 0.000297	
20190529 000000 0.000288 0.000318 0.000283 0.000295	
20190528 000000 0.000285 0.000311 0.000279 0.000289	
20190527 000000 0.000301 0.000301 0.000271 0.000285	
20190526 000000 0.000289 0.000319 0.000285 0.0003	
20190525 000000 0.000296 0.00031 0.000283 0.000288	
20190524 000000 0.000308 0.00033 0.000289 0.000296	
20190523 000000 0.000288 0.000318 0.000282 0.000307	
20190522 000000 0.00028 0.000293 0.000267 0.000288	
20190521 000000 0.000277 0.000295 0.000267 0.00028	
20190520 000000 0.000274 0.000287 0.000265 0.000277	
20190519 000000 0.00029 0.000304 0.000272 0.000274	
20190518 000000 0.000298 0.0003 0.000286 0.00029	
20190517 000000 0.000274 0.000298 0.000257 0.000298	
20190516 000000 0.000294 0.00035 0.000272 0.000273	
20190515 000000 0.000294 0.0003 0.000271 0.000295	
20190514 000000 0.000292 0.000305 0.000278 0.000294	
20190513 000000 0.000302 0.000313 0.00029 0.000292	
