20190611 000000 0.008386 0.00851 0.0082 0.008399	
20190610 000000 0.008227 0.00851 0.008082 0.008389	
20190609 000000 0.008381 0.008496 0.008179 0.008203	
20190608 000000 0.008337 0.008647 0.008274 0.008391	
20190607 000000 0.007935 0.008453 0.007843 0.008277	
20190606 000000 0.008032 0.008086 0.007798 0.00787	
20190605 000000 0.008356 0.008391 0.007948 0.008028	
20190604 000000 0.008 0.00855 0.007878 0.008342	
20190603 000000 0.007946 0.008094 0.007745 0.007997	
20190602 000000 0.007743 0.008166 0.007688 0.00784	
20190601 000000 0.007818 0.007904 0.007531 0.007697	
20190531 000000 0.007722 0.007978 0.00757 0.007866	
20190530 000000 0.007734 0.008596 0.007561 0.007704	
20190529 000000 0.008024 0.008203 0.007511 0.007702	
20190528 000000 0.007457 0.008034 0.007413 0.007991	
20190527 000000 0.007951 0.007968 0.007385 0.007397	
20190526 000000 0.007845 0.008028 0.007747 0.007951	
20190525 000000 0.007595 0.00856 0.007419 0.00785	
20190524 000000 0.007854 0.008028 0.007513 0.007595	
20190523 000000 0.007862 0.008146 0.007513 0.00786	
20190522 000000 0.008005 0.008038 0.007716 0.007862	
20190521 000000 0.008086 0.008165 0.007848 0.008002	
20190520 000000 0.007957 0.008196 0.007764 0.008075	
20190519 000000 0.008213 0.008326 0.007845 0.007957	
20190518 000000 0.008409 0.008438 0.008086 0.008219	
20190517 000000 0.008428 0.008814 0.007895 0.008391	
20190516 000000 0.008665 0.009386 0.008001 0.008465	
20190515 000000 0.009296 0.010343 0.008221 0.008658	
20190514 000000 0.009547 0.009561 0.00873 0.009331	
20190513 000000 0.009497 0.01018 0.009389 0.009573	
