20190611 000000 0.010577 0.011068 0.010167 0.01026	
20190610 000000 0.010561 0.011408 0.010193 0.010551	
20190609 000000 0.010375 0.010569 0.010227 0.010561	
20190608 000000 0.010048 0.010521 0.009985 0.010375	
20190607 000000 0.009992 0.010141 0.009845 0.010048	
20190606 000000 0.010094 0.010395 0.009775 0.009992	
20190605 000000 0.010061 0.011398 0.0094 0.010124	
20190604 000000 0.010037 0.010166 0.009276 0.01009	
20190603 000000 0.009711 0.010375 0.009637 0.010037	
20190602 000000 0.009819 0.010137 0.009553 0.009711	
20190601 000000 0.010024 0.01022 0.009556 0.009834	
20190531 000000 0.0093 0.0103 0.0093 0.010033	
20190530 000000 0.009718 0.010701 0.009235 0.00934	
20190529 000000 0.010003 0.010164 0.009494 0.009657	
20190528 000000 0.009607 0.01107 0.0094 0.009998	
20190527 000000 0.010572 0.011172 0.00952 0.009623	
20190526 000000 0.010368 0.011385 0.010047 0.010596	
20190525 000000 0.011019 0.011946 0.009901 0.010355	
20190524 000000 0.012149 0.013695 0.010997 0.01105	
20190523 000000 0.012295 0.012737 0.010435 0.012152	
20190522 000000 0.010153 0.017 0.010034 0.012286	
20190521 000000 0.010269 0.010626 0.009694 0.010218	
20190520 000000 0.009697 0.010788 0.009369 0.010234	
20190519 000000 0.010275 0.01154 0.00965 0.009681	
20190518 000000 0.010053 0.010352 0.00989 0.010308	
20190517 000000 0.009922 0.012212 0.009428 0.010052	
20190516 000000 0.010863 0.012401 0.009832 0.009881	
20190515 000000 0.011124 0.0328 0.0107 0.010864	
20190514 000000 0.012101 0.012298 0.010617 0.011038	
20190513 000000 0.011731 0.01331 0.011432 0.011994	
