20190611 000000 3.838e-05 4e-05 3.186e-05 3.468e-05	
20190610 000000 4.207e-05 4.88e-05 3.611e-05 3.839e-05	
20190609 000000 3.638e-05 4.993e-05 3.47e-05 4.207e-05	
20190608 000000 3.717e-05 3.75e-05 3.378e-05 3.638e-05	
20190607 000000 3.707e-05 3.75e-05 3.307e-05 3.714e-05	
20190606 000000 3.916e-05 3.993e-05 3.329e-05 3.713e-05	
20190605 000000 3.332e-05 4e-05 3.161e-05 3.873e-05	
20190604 000000 2.883e-05 3.996e-05 2.833e-05 3.332e-05	
20190603 000000 2.845e-05 2.923e-05 2.829e-05 2.858e-05	
20190602 000000 2.955e-05 3.212e-05 2.735e-05 2.843e-05	
20190601 000000 2.886e-05 3.298e-05 2.768e-05 2.955e-05	
20190531 000000 2.486e-05 2.96e-05 2.485e-05 2.884e-05	
20190530 000000 2.44e-05 2.519e-05 2.35e-05 2.497e-05	
20190529 000000 2.4e-05 3.038e-05 2.319e-05 2.44e-05	
20190528 000000 2.334e-05 2.45e-05 2.289e-05 2.394e-05	
20190527 000000 2.425e-05 2.519e-05 2.237e-05 2.334e-05	
20190526 000000 2.387e-05 2.446e-05 2.35e-05 2.425e-05	
20190525 000000 2.288e-05 2.454e-05 2.281e-05 2.387e-05	
20190524 000000 2.591e-05 2.6e-05 2.17e-05 2.288e-05	
20190523 000000 1.938e-05 3.202e-05 1.938e-05 2.591e-05	
20190522 000000 2.146e-05 2.168e-05 1.908e-05 1.938e-05	
20190521 000000 2.289e-05 2.399e-05 2.105e-05 2.145e-05	
20190520 000000 2.211e-05 2.437e-05 2.154e-05 2.288e-05	
20190519 000000 2.408e-05 2.456e-05 2.202e-05 2.211e-05	
20190518 000000 2.455e-05 2.762e-05 2.263e-05 2.408e-05	
20190517 000000 2.131e-05 2.535e-05 2.056e-05 2.476e-05	
20190516 000000 2.451e-05 2.555e-05 2.054e-05 2.132e-05	
20190515 000000 2.468e-05 2.617e-05 2.06e-05 2.451e-05	
20190514 000000 2.646e-05 2.782e-05 2.448e-05 2.468e-05	
20190513 000000 2.855e-05 2.96e-05 2.625e-05 2.641e-05	
