20190611 000000 4.173e-05 4.35e-05 4.098e-05 4.152e-05	
20190610 000000 4.236e-05 4.391e-05 4.094e-05 4.173e-05	
20190609 000000 4.047e-05 4.295e-05 3.985e-05 4.25e-05	
20190608 000000 3.871e-05 4.13e-05 3.7e-05 4.044e-05	
20190607 000000 4.007e-05 4.216e-05 3.596e-05 3.878e-05	
20190606 000000 3.776e-05 4.055e-05 3.63e-05 3.994e-05	
20190605 000000 3.615e-05 3.796e-05 3.466e-05 3.782e-05	
20190604 000000 3.685e-05 3.791e-05 3.529e-05 3.622e-05	
20190603 000000 3.711e-05 3.792e-05 3.575e-05 3.68e-05	
20190602 000000 3.831e-05 3.972e-05 3.479e-05 3.71e-05	
20190601 000000 3.751e-05 4.018e-05 3.687e-05 3.831e-05	
20190531 000000 3.519e-05 4.115e-05 3.447e-05 3.745e-05	
20190530 000000 3.809e-05 3.856e-05 3.32e-05 3.584e-05	
20190529 000000 3.892e-05 4.019e-05 3.776e-05 3.806e-05	
20190528 000000 4.074e-05 4.074e-05 3.704e-05 3.892e-05	
20190527 000000 4.185e-05 4.224e-05 3.892e-05 3.996e-05	
20190526 000000 4.116e-05 4.817e-05 4.011e-05 4.182e-05	
20190525 000000 4.196e-05 4.413e-05 3.953e-05 4.116e-05	
20190524 000000 4.277e-05 4.497e-05 4.144e-05 4.19e-05	
20190523 000000 4.277e-05 4.497e-05 4.137e-05 4.29e-05	
20190522 000000 4.137e-05 4.41e-05 4.085e-05 4.272e-05	
20190521 000000 4.081e-05 4.151e-05 3.939e-05 4.137e-05	
20190520 000000 3.964e-05 4.188e-05 3.964e-05 4.087e-05	
20190519 000000 4.074e-05 4.268e-05 3.813e-05 3.968e-05	
20190518 000000 4.274e-05 4.355e-05 3.828e-05 4.113e-05	
20190517 000000 3.954e-05 4.384e-05 3.809e-05 4.281e-05	
20190516 000000 4.864e-05 4.94e-05 3.897e-05 3.925e-05	
20190515 000000 4.985e-05 5.15e-05 4.743e-05 4.899e-05	
20190514 000000 5.195e-05 5.491e-05 4.803e-05 5.032e-05	
20190513 000000 5.601e-05 5.657e-05 5.1e-05 5.195e-05	
