20190611 000000 0.00024268 0.00025085 0.00023809 0.00023947	
20190610 000000 0.00024455 0.00026348 0.00023994 0.00024323	
20190609 000000 0.00023869 0.00026378 0.00023815 0.00024564	
20190608 000000 0.00023159 0.00024264 0.00022706 0.00023886	
20190607 000000 0.00022985 0.00024328 0.00022443 0.00023166	
20190606 000000 0.00021563 0.00023984 0.00021337 0.0002299	
20190605 000000 0.0002202 0.00022203 0.00021306 0.00021555	
20190604 000000 0.00022228 0.00022725 0.0002136 0.00022002	
20190603 000000 0.00022279 0.00023081 0.00021832 0.00022254	
20190602 000000 0.0002264 0.000228 0.00022037 0.00022258	
20190601 000000 0.00023189 0.00023374 0.00021658 0.0002264	
20190531 000000 0.00021624 0.00024241 0.00021377 0.00023219	
20190530 000000 0.00023234 0.00023791 0.00021587 0.00021587	
20190529 000000 0.00022622 0.00026065 0.00022192 0.00023256	
20190528 000000 0.00022419 0.000231 0.00021928 0.00022633	
20190527 000000 0.00023967 0.00024229 0.00021875 0.00022445	
20190526 000000 0.00023855 0.00025872 0.00023351 0.00023998	
20190525 000000 0.0002355 0.00025061 0.00023116 0.00023864	
20190524 000000 0.00023947 0.00027838 0.00023469 0.00023504	
20190523 000000 0.00023385 0.00024171 0.00022315 0.00023924	
20190522 000000 0.00022401 0.00023804 0.00021969 0.00023421	
20190521 000000 0.00021914 0.00023485 0.00021216 0.00022315	
20190520 000000 0.00022275 0.00022342 0.00021319 0.00021947	
20190519 000000 0.00023358 0.00023698 0.00021978 0.00022282	
20190518 000000 0.00021876 0.00024204 0.00021741 0.00023366	
20190517 000000 0.00020655 0.00023089 0.00020054 0.00021876	
20190516 000000 0.00024059 0.00024546 0.000205 0.00020683	
20190515 000000 0.00024247 0.00024522 0.00022 0.00024006	
20190514 000000 0.00024994 0.00025286 0.00022903 0.00024242	
20190513 000000 0.00024837 0.00028109 0.00024281 0.00025023	
