20190611 000000 0.000445 0.000498 0.000428 0.000468	
20190610 000000 0.000476 0.000477 0.000439 0.000445	
20190609 000000 0.000486 0.0005 0.000461 0.000476	
20190608 000000 0.000462 0.0005 0.000451 0.000484	
20190607 000000 0.000473 0.000501 0.000452 0.000461	
20190606 000000 0.000482 0.000485 0.00046 0.000473	
20190605 000000 0.000454 0.0005 0.000431 0.000482	
20190604 000000 0.000446 0.000469 0.000428 0.000453	
20190603 000000 0.000461 0.000513 0.000418 0.000446	
20190602 000000 0.000499 0.000511 0.00043 0.000462	
20190601 000000 0.000435 0.000528 0.000421 0.000499	
20190531 000000 0.000392 0.000458 0.000382 0.000436	
20190530 000000 0.000405 0.000413 0.000366 0.000391	
20190529 000000 0.000378 0.000419 0.000369 0.000406	
20190528 000000 0.00039 0.000397 0.000367 0.000376	
20190527 000000 0.000406 0.00041 0.000381 0.00039	
20190526 000000 0.00039 0.000424 0.000387 0.000406	
20190525 000000 0.000388 0.000411 0.00038 0.000389	
20190524 000000 0.000409 0.00043 0.000381 0.000389	
20190523 000000 0.000362 0.000455 0.000356 0.000409	
20190522 000000 0.00039 0.000391 0.000353 0.000361	
20190521 000000 0.000409 0.000415 0.000357 0.00039	
20190520 000000 0.000427 0.00048 0.00035 0.00041	
20190519 000000 0.000418 0.000439 0.000397 0.000427	
20190518 000000 0.00042 0.000423 0.000389 0.000418	
20190517 000000 0.000373 0.000423 0.00036 0.000419	
20190516 000000 0.000447 0.000466 0.000368 0.000373	
20190515 000000 0.000436 0.000618 0.000418 0.000449	
20190514 000000 0.000427 0.000469 0.0004 0.000438	
20190513 000000 0.000459 0.000489 0.000421 0.000427	
