20190611 000000 0.025173 0.028499 0.024944 0.027108	
20190610 000000 0.024917 0.026849 0.02482 0.025159	
20190609 000000 0.025015 0.026849 0.024595 0.024792	
20190608 000000 0.024044 0.028499 0.023674 0.024975	
20190607 000000 0.024028 0.024376 0.023396 0.023843	
20190606 000000 0.024427 0.024685 0.022493 0.023887	
20190605 000000 0.02502 0.025154 0.024165 0.024391	
20190604 000000 0.024664 0.025251 0.02401 0.025018	
20190603 000000 0.025136 0.025764 0.024155 0.024663	
20190602 000000 0.024575 0.02545 0.024207 0.025118	
20190601 000000 0.025403 0.0258 0.02402 0.024575	
20190531 000000 0.023891 0.026433 0.02387 0.025332	
20190530 000000 0.024685 0.025446 0.0232 0.023968	
20190529 000000 0.024613 0.027895 0.02425 0.024685	
20190528 000000 0.027353 0.029042 0.024409 0.024666	
20190527 000000 0.022274 0.029279 0.021663 0.027338	
20190526 000000 0.020605 0.0261 0.0205 0.022309	
20190525 000000 0.020505 0.020951 0.020435 0.020608	
20190524 000000 0.021196 0.02197 0.020466 0.020505	
20190523 000000 0.01987 0.023358 0.01986 0.021193	
20190522 000000 0.019934 0.022014 0.019199 0.019875	
20190521 000000 0.019999 0.02022 0.019414 0.019855	
20190520 000000 0.019514 0.020018 0.018842 0.019923	
20190519 000000 0.021078 0.021657 0.01934 0.019476	
20190518 000000 0.021393 0.021847 0.019832 0.021077	
20190517 000000 0.020065 0.022303 0.019151 0.021345	
20190516 000000 0.021182 0.022064 0.018876 0.020166	
20190515 000000 0.022438 0.024368 0.019446 0.021132	
20190514 000000 0.024769 0.025319 0.022229 0.022497	
20190513 000000 0.024936 0.026929 0.024703 0.024914	
