20190611 000000 5.296e-05 5.306e-05 5.014e-05 5.15e-05	
20190610 000000 5.2e-05 5.453e-05 5.09e-05 5.292e-05	
20190609 000000 4.95e-05 5.2e-05 4.928e-05 5.176e-05	
20190608 000000 4.826e-05 4.983e-05 4.775e-05 4.95e-05	
20190607 000000 4.94e-05 5.07e-05 4.766e-05 4.83e-05	
20190606 000000 4.999e-05 5.015e-05 4.796e-05 4.955e-05	
20190605 000000 5.071e-05 5.095e-05 4.839e-05 5.007e-05	
20190604 000000 5.255e-05 5.259e-05 4.7e-05 5.075e-05	
20190603 000000 5.362e-05 5.362e-05 4.98e-05 5.25e-05	
20190602 000000 5.225e-05 5.709e-05 4.992e-05 5.379e-05	
20190601 000000 5.501e-05 5.59e-05 4.939e-05 5.225e-05	
20190531 000000 4.688e-05 6.329e-05 4.678e-05 5.502e-05	
20190530 000000 4.527e-05 5.362e-05 4.517e-05 4.694e-05	
20190529 000000 4.622e-05 4.725e-05 4.42e-05 4.527e-05	
20190528 000000 4.767e-05 4.839e-05 4.549e-05 4.622e-05	
20190527 000000 4.932e-05 4.973e-05 4.511e-05 4.765e-05	
20190526 000000 5.001e-05 5.144e-05 4.811e-05 4.939e-05	
20190525 000000 4.709e-05 5.116e-05 4.671e-05 5.003e-05	
20190524 000000 4.695e-05 4.937e-05 4.5e-05 4.709e-05	
20190523 000000 4.708e-05 4.762e-05 4.45e-05 4.722e-05	
20190522 000000 4.938e-05 4.938e-05 4.567e-05 4.744e-05	
20190521 000000 4.923e-05 5.034e-05 4.617e-05 4.941e-05	
20190520 000000 4.602e-05 5.302e-05 4.502e-05 4.926e-05	
20190519 000000 4.646e-05 4.718e-05 4.379e-05 4.602e-05	
20190518 000000 4.658e-05 4.713e-05 4.403e-05 4.65e-05	
20190517 000000 4.519e-05 4.78e-05 4.178e-05 4.656e-05	
20190516 000000 4.967e-05 5.483e-05 4.188e-05 4.482e-05	
20190515 000000 5.335e-05 5.543e-05 4.789e-05 4.93e-05	
20190514 000000 5.643e-05 5.677e-05 4.879e-05 5.348e-05	
20190513 000000 5.995e-05 6.072e-05 5.499e-05 5.636e-05	
