20190611 000000 3.653e-05 3.874e-05 3.436e-05 3.748e-05	
20190610 000000 3.701e-05 3.914e-05 3.436e-05 3.693e-05	
20190609 000000 4.05e-05 4.583e-05 3.564e-05 3.706e-05	
20190608 000000 4.556e-05 4.875e-05 3.6e-05 4.05e-05	
20190607 000000 3.115e-05 5.418e-05 3.115e-05 4.55e-05	
20190606 000000 3.006e-05 3.128e-05 2.942e-05 3.116e-05	
20190605 000000 3.057e-05 3.085e-05 2.919e-05 3.005e-05	
20190604 000000 3.102e-05 3.285e-05 2.967e-05 3.057e-05	
20190603 000000 3.101e-05 3.244e-05 3.004e-05 3.108e-05	
20190602 000000 3.099e-05 3.199e-05 3.036e-05 3.108e-05	
20190601 000000 3.195e-05 3.36e-05 3.014e-05 3.094e-05	
20190531 000000 3.185e-05 3.428e-05 2.98e-05 3.197e-05	
20190530 000000 3.061e-05 3.223e-05 2.9e-05 3.177e-05	
20190529 000000 3.089e-05 3.15e-05 2.767e-05 3.069e-05	
20190528 000000 3.058e-05 3.208e-05 3.013e-05 3.097e-05	
20190527 000000 3.167e-05 3.248e-05 2.901e-05 3.046e-05	
20190526 000000 3.21e-05 3.224e-05 3.018e-05 3.167e-05	
20190525 000000 3.283e-05 3.305e-05 3.015e-05 3.192e-05	
20190524 000000 3.404e-05 3.46e-05 3.146e-05 3.282e-05	
20190523 000000 3.015e-05 3.842e-05 2.968e-05 3.406e-05	
20190522 000000 2.999e-05 3.177e-05 2.916e-05 3.01e-05	
20190521 000000 3.415e-05 3.649e-05 2.69e-05 2.994e-05	
20190520 000000 3.081e-05 3.46e-05 3.036e-05 3.438e-05	
20190519 000000 3.32e-05 3.466e-05 3.019e-05 3.085e-05	
20190518 000000 3.406e-05 3.44e-05 2.986e-05 3.321e-05	
20190517 000000 3.052e-05 3.427e-05 2.974e-05 3.406e-05	
20190516 000000 3.401e-05 3.526e-05 2.889e-05 3.067e-05	
20190515 000000 3.729e-05 3.79e-05 3.169e-05 3.412e-05	
20190514 000000 3.74e-05 4.531e-05 3.125e-05 3.605e-05	
20190513 000000 3.981e-05 4.01e-05 3.526e-05 3.65e-05	
