20190611 000000 4.332e-06 4.5284e-06 3.9385e-06 4.44e-06	
20190610 000000 5.1299e-06 5.1299e-06 4.315e-06 4.315e-06	
20190609 000000 5.574e-06 5.6981e-06 4.6101e-06 5.103e-06	
20190608 000000 4.783e-06 6e-06 4.6293e-06 5.6909e-06	
20190607 000000 4.774e-06 6.4496e-06 4.3e-06 4.8579e-06	
20190606 000000 3.764e-06 4.925e-06 3.555e-06 4.725e-06	
20190605 000000 3.643e-06 4.173e-06 3.4883e-06 3.748e-06	
20190604 000000 3.845e-06 3.88e-06 3.4865e-06 3.632e-06	
20190603 000000 4.207e-06 4.2274e-06 3.4631e-06 3.8525e-06	
20190602 000000 4.21e-06 4.438e-06 3.9004e-06 4.2275e-06	
20190601 000000 4.281e-06 4.4103e-06 4e-06 4.193e-06	
20190531 000000 4.112e-06 4.4227e-06 4.065e-06 4.3999e-06	
20190530 000000 4.232e-06 4.4999e-06 3.8e-06 4.103e-06	
20190529 000000 4.476e-06 4.9776e-06 4.1072e-06 4.218e-06	
20190528 000000 4.499e-06 4.799e-06 3.895e-06 4.479e-06	
20190527 000000 4.876e-06 5.0978e-06 4.3e-06 4.511e-06	
20190526 000000 4.677e-06 5.1e-06 4.528e-06 4.876e-06	
20190525 000000 4.537e-06 5.16e-06 4.2082e-06 4.684e-06	
20190524 000000 4.527e-06 4.941e-06 4.3129e-06 4.582e-06	
20190523 000000 4.74e-06 5.347e-06 4.1749e-06 4.501e-06	
20190522 000000 5.8312e-06 5.8312e-06 4.4274e-06 4.76e-06	
20190521 000000 6.5855e-06 6.774e-06 5.112e-06 5.724e-06	
20190520 000000 5.427e-06 6.9e-06 5.2706e-06 6.652e-06	
20190519 000000 4.6023e-06 6.0128e-06 4.6001e-06 5.428e-06	
20190518 000000 4.566e-06 6.309e-06 3.8518e-06 4.601e-06	
20190517 000000 3.431e-06 6.9e-06 3.2161e-06 4.566e-06	
20190516 000000 3.9235e-06 4.017e-06 3.3488e-06 3.434e-06	
20190515 000000 4.1197e-06 4.12e-06 3.713e-06 3.995e-06	
20190514 000000 4.597e-06 5e-06 3.6739e-06 4.077e-06	
20190513 000000 5.061e-06 5.3354e-06 4.4321e-06 4.575e-06	
