20190611 000000 1.377e-05 1.386e-05 1.28e-05 1.304e-05	
20190610 000000 1.481e-05 1.491e-05 1.308e-05 1.375e-05	
20190609 000000 1.356e-05 1.508e-05 1.299e-05 1.481e-05	
20190608 000000 1.307e-05 1.37e-05 1.251e-05 1.361e-05	
20190607 000000 1.281e-05 1.379e-05 1.235e-05 1.309e-05	
20190606 000000 1.187e-05 1.29e-05 1.186e-05 1.28e-05	
20190605 000000 1.132e-05 1.277e-05 1.1e-05 1.187e-05	
20190604 000000 1.16e-05 1.173e-05 1.102e-05 1.133e-05	
20190603 000000 1.175e-05 1.177e-05 1.128e-05 1.148e-05	
20190602 000000 1.216e-05 1.216e-05 1.132e-05 1.175e-05	
20190601 000000 1.19e-05 1.262e-05 1.119e-05 1.213e-05	
20190531 000000 1.156e-05 1.235e-05 1.117e-05 1.19e-05	
20190530 000000 1.237e-05 1.262e-05 1.112e-05 1.156e-05	
20190529 000000 1.238e-05 1.279e-05 1.193e-05 1.239e-05	
20190528 000000 1.309e-05 1.309e-05 1.151e-05 1.238e-05	
20190527 000000 1.457e-05 1.457e-05 1.212e-05 1.304e-05	
20190526 000000 1.298e-05 1.748e-05 1.293e-05 1.457e-05	
20190525 000000 1.227e-05 1.617e-05 1.222e-05 1.297e-05	
20190524 000000 1.291e-05 1.328e-05 1.2e-05 1.229e-05	
20190523 000000 1.303e-05 1.346e-05 1.136e-05 1.288e-05	
20190522 000000 1.252e-05 1.333e-05 1.23e-05 1.303e-05	
20190521 000000 1.239e-05 1.342e-05 1.221e-05 1.252e-05	
20190520 000000 1.274e-05 1.349e-05 1.206e-05 1.239e-05	
20190519 000000 1.298e-05 1.42e-05 1.207e-05 1.274e-05	
20190518 000000 1.422e-05 1.496e-05 1.201e-05 1.299e-05	
20190517 000000 1.303e-05 1.429e-05 1.226e-05 1.42e-05	
20190516 000000 1.455e-05 1.576e-05 1.291e-05 1.303e-05	
20190515 000000 1.548e-05 1.551e-05 1.258e-05 1.46e-05	
20190514 000000 1.84e-05 1.847e-05 1.508e-05 1.544e-05	
20190513 000000 1.923e-05 2.011e-05 1.829e-05 1.838e-05	
