20190611 000000 3.812e-05 4.077e-05 3.653e-05 3.834e-05	
20190610 000000 4.066e-05 4.256e-05 3.614e-05 3.807e-05	
20190609 000000 3.959e-05 4.218e-05 3.867e-05 4.063e-05	
20190608 000000 4.051e-05 4.15e-05 3.797e-05 3.958e-05	
20190607 000000 3.62e-05 4.305e-05 3.564e-05 4.051e-05	
20190606 000000 3.513e-05 3.763e-05 3.305e-05 3.603e-05	
20190605 000000 3.594e-05 3.768e-05 3.407e-05 3.492e-05	
20190604 000000 3.749e-05 4.122e-05 3.488e-05 3.586e-05	
20190603 000000 3.685e-05 4.205e-05 3.685e-05 3.743e-05	
20190602 000000 3.823e-05 4.071e-05 3.548e-05 3.684e-05	
20190601 000000 3.352e-05 4e-05 3.352e-05 3.804e-05	
20190531 000000 3.33e-05 3.498e-05 3.256e-05 3.359e-05	
20190530 000000 3.313e-05 3.537e-05 3.256e-05 3.327e-05	
20190529 000000 3.323e-05 3.366e-05 3.208e-05 3.315e-05	
20190528 000000 3.272e-05 3.439e-05 3.2e-05 3.324e-05	
20190527 000000 3.644e-05 3.668e-05 3.207e-05 3.271e-05	
20190526 000000 3.555e-05 3.753e-05 3.46e-05 3.643e-05	
20190525 000000 3.638e-05 3.726e-05 3.484e-05 3.556e-05	
20190524 000000 3.395e-05 3.7e-05 3.395e-05 3.634e-05	
20190523 000000 3.364e-05 4.098e-05 3.245e-05 3.394e-05	
20190522 000000 3.344e-05 3.45e-05 3.113e-05 3.354e-05	
20190521 000000 3.403e-05 3.52e-05 3.255e-05 3.345e-05	
20190520 000000 3.197e-05 3.999e-05 3.15e-05 3.404e-05	
20190519 000000 3.319e-05 3.575e-05 3.099e-05 3.197e-05	
20190518 000000 3.585e-05 3.806e-05 3.261e-05 3.318e-05	
20190517 000000 3.415e-05 3.772e-05 3.099e-05 3.59e-05	
20190516 000000 3.576e-05 3.843e-05 3.402e-05 3.418e-05	
20190515 000000 3.88e-05 4.248e-05 3.403e-05 3.577e-05	
20190514 000000 4.067e-05 4.248e-05 3.694e-05 3.881e-05	
20190513 000000 4.45e-05 4.591e-05 4e-05 4.068e-05	
