20190611 000000 0.00019077 0.00019287 0.00018066 0.00019287	
20190610 000000 0.00019961 0.00022472 0.00018584 0.00019201	
20190609 000000 0.00020922 0.00021095 0.00018712 0.00020364	
20190608 000000 0.00019913 0.000216 0.00019868 0.00021203	
20190607 000000 0.00019981 0.00020974 0.00019248 0.00020036	
20190606 000000 0.0001937 0.00020779 0.00018581 0.00020209	
20190605 000000 0.00018534 0.000218 0.00017722 0.00019809	
20190604 000000 0.00019259 0.00019459 0.00017341 0.00018637	
20190603 000000 0.00019925 0.00020456 0.00019 0.00019049	
20190602 000000 0.00021647 0.00021912 0.00019 0.00020221	
20190601 000000 0.00021609 0.00021609 0.000206 0.00021449	
20190531 000000 0.00021265 0.00022 0.00020637 0.00022	
20190530 000000 0.00021126 0.00022091 0.00020041 0.00020418	
20190529 000000 0.00022342 0.00022342 0.0002063 0.00021148	
20190528 000000 0.00023 0.00023 0.00021635 0.00022469	
20190527 000000 0.00023229 0.00023229 0.00020962 0.00022977	
20190526 000000 0.00022933 0.00024 0.000222 0.00024	
20190525 000000 0.00021977 0.0002296 0.00021219 0.0002296	
20190524 000000 0.00021639 0.00022577 0.00021177 0.00021918	
20190523 000000 0.0002071 0.0003 0.00020008 0.00023053	
20190522 000000 0.00022034 0.00022034 0.00019048 0.00021071	
20190521 000000 0.00022492 0.00023697 0.000205 0.000217	
20190520 000000 0.000223 0.0002452 0.00020816 0.00022981	
20190519 000000 0.00023057 0.00024393 0.00021677 0.00023301	
20190518 000000 0.00024605 0.00025288 0.00022006 0.00022939	
20190517 000000 0.00024641 0.00026384 0.00021657 0.00024605	
20190516 000000 0.0002503 0.00026615 0.000247 0.000247	
20190515 000000 0.00029733 0.00029733 0.00025 0.00026246	
20190514 000000 0.00028674 0.000389 0.0002755 0.00029439	
20190513 000000 0.00031 0.00033354 0.00026221 0.00030854	
