20190611 000000 1.872e-05 2.088e-05 1.83e-05 1.957e-05	
20190610 000000 1.919e-05 2.049e-05 1.841e-05 1.872e-05	
20190609 000000 2.009e-05 2.009e-05 1.861e-05 1.924e-05	
20190608 000000 2.104e-05 2.11e-05 1.834e-05 2.005e-05	
20190607 000000 2.142e-05 2.154e-05 1.969e-05 2.103e-05	
20190606 000000 1.855e-05 2.248e-05 1.8e-05 2.142e-05	
20190605 000000 1.888e-05 1.961e-05 1.789e-05 1.851e-05	
20190604 000000 2.03e-05 2.038e-05 1.786e-05 1.897e-05	
20190603 000000 2.35e-05 2.362e-05 1.965e-05 1.994e-05	
20190602 000000 2.469e-05 2.577e-05 2.295e-05 2.355e-05	
20190601 000000 2.415e-05 2.57e-05 2.388e-05 2.471e-05	
20190531 000000 2.391e-05 2.556e-05 2.35e-05 2.409e-05	
20190530 000000 2.372e-05 2.777e-05 2.267e-05 2.391e-05	
20190529 000000 2.128e-05 2.449e-05 2e-05 2.385e-05	
20190528 000000 2.127e-05 2.156e-05 1.983e-05 2.135e-05	
20190527 000000 2.312e-05 2.346e-05 1.9e-05 2.126e-05	
20190526 000000 1.894e-05 2.418e-05 1.811e-05 2.336e-05	
20190525 000000 1.775e-05 1.909e-05 1.662e-05 1.881e-05	
20190524 000000 1.745e-05 1.871e-05 1.61e-05 1.775e-05	
20190523 000000 1.538e-05 1.896e-05 1.402e-05 1.745e-05	
20190522 000000 1.798e-05 1.808e-05 1.515e-05 1.534e-05	
20190521 000000 1.795e-05 1.896e-05 1.68e-05 1.82e-05	
20190520 000000 1.965e-05 1.965e-05 1.56e-05 1.795e-05	
20190519 000000 2.73e-05 2.737e-05 1.827e-05 1.935e-05	
20190518 000000 3.549e-05 3.583e-05 2.5e-05 2.72e-05	
20190517 000000 3.179e-05 3.553e-05 3.139e-05 3.547e-05	
20190516 000000 4.409e-05 4.409e-05 2.801e-05 3.178e-05	
20190515 000000 5.62e-05 5.759e-05 4.418e-05 4.418e-05	
20190514 000000 5.286e-05 6.287e-05 5.062e-05 5.627e-05	
20190513 000000 4.169e-05 5.7e-05 4.118e-05 5.278e-05	
