20190611 000000 0.006539 0.006552 0.006255 0.006358	
20190610 000000 0.006481 0.006619 0.006389 0.006539	
20190609 000000 0.006456 0.006691 0.006425 0.006471	
20190608 000000 0.006449 0.006525 0.006244 0.006456	
20190607 000000 0.006 0.0065 0.005973 0.006428	
20190606 000000 0.006045 0.006164 0.005935 0.005993	
20190605 000000 0.006233 0.006328 0.006004 0.006047	
20190604 000000 0.006431 0.006532 0.006193 0.006251	
20190603 000000 0.006587 0.006621 0.006294 0.006419	
20190602 000000 0.006357 0.006681 0.006284 0.006577	
20190601 000000 0.006421 0.006575 0.006187 0.006356	
20190531 000000 0.006437 0.006812 0.006335 0.006423	
20190530 000000 0.006536 0.006852 0.006302 0.006445	
20190529 000000 0.006506 0.006562 0.006276 0.006536	
20190528 000000 0.006437 0.006732 0.00637 0.006511	
20190527 000000 0.006717 0.006784 0.006327 0.006433	
20190526 000000 0.006652 0.00675 0.006608 0.006715	
20190525 000000 0.006796 0.006853 0.006574 0.006639	
20190524 000000 0.006835 0.006934 0.006748 0.006797	
20190523 000000 0.006739 0.006875 0.006639 0.006825	
20190522 000000 0.006996 0.007011 0.006665 0.006749	
20190521 000000 0.006904 0.007172 0.006665 0.006994	
20190520 000000 0.007048 0.007097 0.006745 0.006904	
20190519 000000 0.007249 0.007382 0.006877 0.007048	
20190518 000000 0.007417 0.007465 0.007044 0.007254	
20190517 000000 0.006841 0.007697 0.006665 0.007411	
20190516 000000 0.007959 0.008064 0.006797 0.006838	
20190515 000000 0.008345 0.013627 0.007516 0.007961	
20190514 000000 0.008737 0.009651 0.008077 0.008369	
20190513 000000 0.008784 0.009192 0.008701 0.008737	
