20190611 000000 0.007633 0.008996 0.006858 0.00716	
20190610 000000 0.00545 0.008239 0.005424 0.007607	
20190609 000000 0.004446 0.005628 0.004415 0.005468	
20190608 000000 0.004517 0.004534 0.004442 0.004447	
20190607 000000 0.004384 0.004579 0.004327 0.004519	
20190606 000000 0.004335 0.004445 0.004258 0.004383	
20190605 000000 0.004317 0.004406 0.004213 0.004329	
20190604 000000 0.004384 0.004466 0.004249 0.004322	
20190603 000000 0.004445 0.004494 0.00431 0.004385	
20190602 000000 0.004506 0.004605 0.00438 0.004449	
20190601 000000 0.004452 0.004617 0.004375 0.004502	
20190531 000000 0.0043 0.004742 0.004271 0.004452	
20190530 000000 0.004374 0.004541 0.004163 0.004303	
20190529 000000 0.00436 0.004483 0.004267 0.004362	
20190528 000000 0.004456 0.004879 0.004299 0.00436	
20190527 000000 0.004554 0.004886 0.004223 0.004471	
20190526 000000 0.004448 0.004603 0.004418 0.004553	
20190525 000000 0.004385 0.004592 0.004378 0.004454	
20190524 000000 0.004475 0.004539 0.004366 0.004384	
20190523 000000 0.004417 0.004557 0.004133 0.004476	
20190522 000000 0.004521 0.004578 0.004308 0.004434	
20190521 000000 0.004392 0.004635 0.004294 0.004521	
20190520 000000 0.004532 0.004637 0.004342 0.004398	
20190519 000000 0.004604 0.005 0.004446 0.004539	
20190518 000000 0.004607 0.004682 0.004509 0.004602	
20190517 000000 0.004555 0.00473 0.004395 0.004612	
20190516 000000 0.005082 0.005237 0.004522 0.004536	
20190515 000000 0.005143 0.005391 0.005013 0.005087	
20190514 000000 0.005053 0.005257 0.004917 0.005145	
20190513 000000 0.004998 0.005399 0.004941 0.005056	
