20190611 000000 8.83e-06 9.11e-06 8.72e-06 8.78e-06	
20190610 000000 9.12e-06 9.17e-06 8.76e-06 8.78e-06	
20190609 000000 8.95e-06 9.16e-06 8.87e-06 9.14e-06	
20190608 000000 8.92e-06 8.98e-06 8.73e-06 8.9e-06	
20190607 000000 8.55e-06 9.13e-06 8.38e-06 8.92e-06	
20190606 000000 8.51e-06 8.64e-06 8.12e-06 8.54e-06	
20190605 000000 8.52e-06 8.66e-06 8.43e-06 8.5e-06	
20190604 000000 8.73e-06 9.11e-06 8.43e-06 8.52e-06	
20190603 000000 8.78e-06 9.05e-06 8.68e-06 8.81e-06	
20190602 000000 8.68e-06 8.97e-06 8.65e-06 8.77e-06	
20190601 000000 8.73e-06 8.82e-06 8.44e-06 8.69e-06	
20190531 000000 8.53e-06 9.6e-06 8.44e-06 8.73e-06	
20190530 000000 9.1e-06 9.16e-06 8.21e-06 8.51e-06	
20190529 000000 8.65e-06 9.59e-06 8.51e-06 9.06e-06	
20190528 000000 8.26e-06 9.04e-06 7.98e-06 8.69e-06	
20190527 000000 8.58e-06 8.93e-06 8.05e-06 8.21e-06	
20190526 000000 8.13e-06 8.99e-06 8e-06 8.58e-06	
20190525 000000 8.66e-06 8.66e-06 8.01e-06 8.15e-06	
20190524 000000 8.69e-06 8.99e-06 8.43e-06 8.66e-06	
20190523 000000 8.37e-06 8.89e-06 8.34e-06 8.71e-06	
20190522 000000 8.88e-06 8.97e-06 8.07e-06 8.38e-06	
20190521 000000 8.22e-06 9.89e-06 8.09e-06 8.94e-06	
20190520 000000 7.91e-06 8.35e-06 7.65e-06 8.22e-06	
20190519 000000 8.36e-06 8.7e-06 7.83e-06 7.89e-06	
20190518 000000 8.04e-06 8.6e-06 8.01e-06 8.37e-06	
20190517 000000 7.73e-06 8.51e-06 7.48e-06 8.04e-06	
20190516 000000 8.85e-06 9.97e-06 7.65e-06 7.8e-06	
20190515 000000 8.99e-06 1.017e-05 8.29e-06 8.85e-06	
20190514 000000 9.72e-06 9.77e-06 8.75e-06 8.98e-06	
20190513 000000 1.005e-05 1.015e-05 9.68e-06 9.73e-06	
