20190611 000000 2.165e-05 2.246e-05 2.085e-05 2.143e-05	
20190610 000000 2.248e-05 2.291e-05 2.065e-05 2.169e-05	
20190609 000000 2.329e-05 2.336e-05 2.122e-05 2.238e-05	
20190608 000000 2.1e-05 2.6e-05 2.1e-05 2.324e-05	
20190607 000000 2.098e-05 2.364e-05 2.022e-05 2.095e-05	
20190606 000000 1.999e-05 2.192e-05 1.902e-05 2.098e-05	
20190605 000000 2.012e-05 2.099e-05 1.906e-05 2e-05	
20190604 000000 1.993e-05 2.11e-05 1.958e-05 2.011e-05	
20190603 000000 2.207e-05 2.207e-05 1.936e-05 1.989e-05	
20190602 000000 2.267e-05 2.267e-05 1.947e-05 2.185e-05	
20190601 000000 2.238e-05 2.506e-05 2.063e-05 2.26e-05	
20190531 000000 1.95e-05 2.8e-05 1.872e-05 2.244e-05	
20190530 000000 1.88e-05 2.119e-05 1.727e-05 1.95e-05	
20190529 000000 1.909e-05 2.075e-05 1.832e-05 1.915e-05	
20190528 000000 1.984e-05 2.16e-05 1.821e-05 1.909e-05	
20190527 000000 2.168e-05 2.178e-05 1.856e-05 1.984e-05	
20190526 000000 2.079e-05 2.194e-05 2.045e-05 2.176e-05	
20190525 000000 2.192e-05 2.712e-05 1.954e-05 2.05e-05	
20190524 000000 2.185e-05 2.265e-05 2.056e-05 2.193e-05	
20190523 000000 2.076e-05 2.396e-05 1.982e-05 2.185e-05	
20190522 000000 2.393e-05 2.45e-05 2.047e-05 2.108e-05	
20190521 000000 2.528e-05 3.117e-05 2.239e-05 2.391e-05	
20190520 000000 2.728e-05 2.747e-05 2.361e-05 2.53e-05	
20190519 000000 2.923e-05 3.642e-05 2.518e-05 2.728e-05	
20190518 000000 3.81e-05 4.189e-05 2.8e-05 2.922e-05	
20190517 000000 2.126e-05 4.651e-05 2.125e-05 3.819e-05	
20190516 000000 2.347e-05 2.518e-05 2.102e-05 2.114e-05	
20190515 000000 2.345e-05 2.495e-05 2.133e-05 2.336e-05	
20190514 000000 2.408e-05 2.436e-05 2.17e-05 2.345e-05	
20190513 000000 2.582e-05 2.633e-05 2.288e-05 2.4e-05	
