20190611 000000 0.000415 0.000429 0.000397 0.000403	
20190610 000000 0.000402 0.000427 0.000401 0.000417	
20190609 000000 0.000409 0.000422 0.000396 0.000401	
20190608 000000 0.000399 0.00042 0.000385 0.000407	
20190607 000000 0.000378 0.000413 0.000374 0.000399	
20190606 000000 0.000336 0.000382 0.000334 0.000377	
20190605 000000 0.000355 0.000362 0.00032 0.000336	
20190604 000000 0.000367 0.000388 0.000342 0.000357	
20190603 000000 0.00039 0.000393 0.000358 0.000367	
20190602 000000 0.000381 0.00039 0.000361 0.00039	
20190601 000000 0.00038 0.000408 0.000376 0.00038	
20190531 000000 0.000364 0.000415 0.000356 0.000381	
20190530 000000 0.000349 0.000476 0.000322 0.000364	
20190529 000000 0.000278 0.000368 0.000269 0.000347	
20190528 000000 0.000275 0.00029 0.000271 0.000278	
20190527 000000 0.000297 0.000308 0.00027 0.000274	
20190526 000000 0.000328 0.000328 0.00029 0.000296	
20190525 000000 0.000266 0.000332 0.000264 0.000326	
20190524 000000 0.000272 0.000306 0.000258 0.000265	
20190523 000000 0.000248 0.000281 0.000235 0.000272	
20190522 000000 0.000273 0.000289 0.000241 0.000249	
20190521 000000 0.000278 0.000285 0.000238 0.000273	
20190520 000000 0.000263 0.000285 0.000263 0.000278	
20190519 000000 0.000283 0.000292 0.000261 0.000263	
20190518 000000 0.000278 0.00029 0.000271 0.000283	
20190517 000000 0.00026 0.000289 0.000253 0.000278	
20190516 000000 0.000312 0.000331 0.000257 0.00026	
20190515 000000 0.000332 0.000376 0.000305 0.000311	
20190514 000000 0.000412 0.000418 0.000319 0.000333	
20190513 000000 0.000374 0.00044 0.000369 0.000412	
