20190611 000000 3.49e-06 3.56e-06 3.42e-06 3.49e-06	
20190610 000000 3.56e-06 3.61e-06 3.45e-06 3.5e-06	
20190609 000000 3.55e-06 3.6e-06 3.51e-06 3.55e-06	
20190608 000000 3.58e-06 3.59e-06 3.51e-06 3.55e-06	
20190607 000000 3.49e-06 3.61e-06 3.46e-06 3.59e-06	
20190606 000000 3.49e-06 3.62e-06 3.43e-06 3.48e-06	
20190605 000000 3.69e-06 3.78e-06 3.47e-06 3.48e-06	
20190604 000000 3.73e-06 3.8e-06 3.53e-06 3.69e-06	
20190603 000000 3.82e-06 3.9e-06 3.65e-06 3.73e-06	
20190602 000000 3.68e-06 3.96e-06 3.65e-06 3.82e-06	
20190601 000000 3.9e-06 3.92e-06 3.57e-06 3.69e-06	
20190531 000000 3.66e-06 3.92e-06 3.63e-06 3.9e-06	
20190530 000000 3.99e-06 4.18e-06 3.61e-06 3.65e-06	
20190529 000000 3.71e-06 4.4e-06 3.69e-06 4e-06	
20190528 000000 3.36e-06 3.98e-06 3.21e-06 3.71e-06	
20190527 000000 3.22e-06 3.47e-06 2.96e-06 3.34e-06	
20190526 000000 3.19e-06 3.29e-06 3.09e-06 3.22e-06	
20190525 000000 3.18e-06 3.34e-06 3.14e-06 3.19e-06	
20190524 000000 3.15e-06 3.49e-06 3.11e-06 3.18e-06	
20190523 000000 2.99e-06 3.2e-06 2.95e-06 3.14e-06	
20190522 000000 3.26e-06 3.39e-06 2.99e-06 3e-06	
20190521 000000 2.86e-06 3.5e-06 2.84e-06 3.26e-06	
20190520 000000 2.88e-06 2.91e-06 2.8e-06 2.86e-06	
20190519 000000 3.11e-06 3.17e-06 2.84e-06 2.87e-06	
20190518 000000 2.68e-06 3.37e-06 2.65e-06 3.11e-06	
20190517 000000 2.7e-06 2.87e-06 2.59e-06 2.68e-06	
20190516 000000 2.94e-06 3.1e-06 2.7e-06 2.71e-06	
20190515 000000 3.03e-06 3.18e-06 2.74e-06 2.94e-06	
20190514 000000 3.14e-06 3.21e-06 3.01e-06 3.03e-06	
20190513 000000 3.12e-06 3.45e-06 3.04e-06 3.15e-06	
