20190611 000000 0.003963 0.004403 0.003679 0.003775	
20190610 000000 0.003395 0.004287 0.003342 0.003946	
20190609 000000 0.003204 0.00354 0.003202 0.003395	
20190608 000000 0.003147 0.003252 0.003051 0.00321	
20190607 000000 0.003088 0.00328 0.003026 0.003143	
20190606 000000 0.003247 0.003284 0.003066 0.003088	
20190605 000000 0.003038 0.003299 0.00296 0.00326	
20190604 000000 0.002995 0.003074 0.00292 0.003033	
20190603 000000 0.002957 0.003074 0.002892 0.002997	
20190602 000000 0.002938 0.003029 0.002891 0.002961	
20190601 000000 0.002959 0.003 0.002841 0.002938	
20190531 000000 0.002815 0.003143 0.002781 0.002964	
20190530 000000 0.002912 0.002936 0.002763 0.002817	
20190529 000000 0.002935 0.002981 0.002807 0.002899	
20190528 000000 0.002874 0.003159 0.002804 0.002942	
20190527 000000 0.00302 0.003059 0.00281 0.002874	
20190526 000000 0.003091 0.003121 0.003002 0.003029	
20190525 000000 0.003102 0.003326 0.003 0.003089	
20190524 000000 0.002989 0.003362 0.002974 0.003114	
20190523 000000 0.002918 0.003172 0.002852 0.002989	
20190522 000000 0.002913 0.0032 0.00281 0.002933	
20190521 000000 0.002803 0.003201 0.002715 0.002917	
20190520 000000 0.00278 0.003028 0.002684 0.002795	
20190519 000000 0.002936 0.003039 0.002744 0.00278	
20190518 000000 0.00291 0.00327 0.002826 0.002932	
20190517 000000 0.002732 0.003211 0.002675 0.002917	
20190516 000000 0.003291 0.003492 0.002727 0.002741	
20190515 000000 0.003369 0.003776 0.003177 0.003311	
20190514 000000 0.003298 0.003475 0.003189 0.003342	
20190513 000000 0.003458 0.003699 0.003276 0.003332	
