20190611 000000 1.085e-05 1.094e-05 1.052e-05 1.066e-05	
20190610 000000 1.085e-05 1.131e-05 1.059e-05 1.085e-05	
20190609 000000 1.044e-05 1.098e-05 1.04e-05 1.085e-05	
20190608 000000 1.045e-05 1.067e-05 1.032e-05 1.043e-05	
20190607 000000 1.035e-05 1.098e-05 1.019e-05 1.043e-05	
20190606 000000 1.04e-05 1.051e-05 1.018e-05 1.036e-05	
20190605 000000 1.022e-05 1.051e-05 1.011e-05 1.039e-05	
20190604 000000 1.026e-05 1.051e-05 9.92e-06 1.023e-05	
20190603 000000 1.06e-05 1.069e-05 9.95e-06 1.024e-05	
20190602 000000 1.016e-05 1.099e-05 1.004e-05 1.06e-05	
20190601 000000 1.008e-05 1.029e-05 9.67e-06 1.015e-05	
20190531 000000 9.66e-06 1.058e-05 9.49e-06 1.006e-05	
20190530 000000 9.55e-06 9.86e-06 9.17e-06 9.69e-06	
20190529 000000 9.7e-06 9.8e-06 9.45e-06 9.54e-06	
20190528 000000 9.94e-06 1.015e-05 9.62e-06 9.71e-06	
20190527 000000 1.035e-05 1.04e-05 9.73e-06 9.94e-06	
20190526 000000 1.002e-05 1.049e-05 9.92e-06 1.034e-05	
20190525 000000 1.019e-05 1.04e-05 9.87e-06 1.002e-05	
20190524 000000 1.047e-05 1.049e-05 1.005e-05 1.019e-05	
20190523 000000 1.019e-05 1.057e-05 1.003e-05 1.047e-05	
20190522 000000 1.034e-05 1.061e-05 9.82e-06 1.018e-05	
20190521 000000 9.86e-06 1.103e-05 9.65e-06 1.034e-05	
20190520 000000 1.013e-05 1.021e-05 9.74e-06 9.85e-06	
20190519 000000 1.016e-05 1.059e-05 9.86e-06 1.013e-05	
20190518 000000 1.024e-05 1.05e-05 1.001e-05 1.016e-05	
20190517 000000 1.007e-05 1.056e-05 9.65e-06 1.023e-05	
20190516 000000 1.127e-05 1.178e-05 1e-05 1.003e-05	
20190515 000000 1.16e-05 1.205e-05 1.091e-05 1.128e-05	
20190514 000000 1.131e-05 1.175e-05 1.102e-05 1.156e-05	
20190513 000000 1.171e-05 1.211e-05 1.12e-05 1.131e-05	
