20190611 000000 0.008177 0.008308 0.007925 0.008032	
20190610 000000 0.008233 0.00856 0.00798 0.008192	
20190609 000000 0.008144 0.008284 0.008084 0.008236	
20190608 000000 0.00804 0.008227 0.007972 0.008149	
20190607 000000 0.008006 0.008325 0.00796 0.008042	
20190606 000000 0.008078 0.00809 0.00792 0.008013	
20190605 000000 0.008267 0.008308 0.007946 0.008061	
20190604 000000 0.008539 0.008605 0.008188 0.008269	
20190603 000000 0.008742 0.00878 0.00835 0.008534	
20190602 000000 0.008462 0.008745 0.008371 0.008741	
20190601 000000 0.008358 0.008668 0.008318 0.008462	
20190531 000000 0.008494 0.008772 0.008301 0.008352	
20190530 000000 0.008591 0.008733 0.008148 0.008497	
20190529 000000 0.00819 0.008602 0.008082 0.008587	
20190528 000000 0.008033 0.008517 0.007936 0.008188	
20190527 000000 0.007865 0.008048 0.007707 0.008036	
20190526 000000 0.007933 0.008045 0.007741 0.007862	
20190525 000000 0.007941 0.008018 0.007752 0.00793	
20190524 000000 0.007789 0.008141 0.007769 0.007941	
20190523 000000 0.007976 0.008304 0.007759 0.007792	
20190522 000000 0.008388 0.008446 0.007933 0.007979	
20190521 000000 0.007868 0.008602 0.007846 0.008393	
20190520 000000 0.00789 0.008113 0.007724 0.007868	
20190519 000000 0.008059 0.008155 0.007775 0.00789	
20190518 000000 0.008203 0.008258 0.007912 0.008056	
20190517 000000 0.00803 0.008466 0.007841 0.008217	
20190516 000000 0.008818 0.009242 0.00797 0.008003	
20190515 000000 0.008891 0.009 0.008369 0.00885	
20190514 000000 0.008641 0.009009 0.0085 0.008887	
20190513 000000 0.008738 0.00917 0.008617 0.008647	
