20190611 000000 0.0058959 0.00597889 0.00561788 0.00583427	
20190610 000000 0.00550166 0.00638038 0.00548916 0.00590424	
20190609 000000 0.00529379 0.00561657 0.0052798 0.00550271	
20190608 000000 0.00532904 0.00546887 0.00528231 0.00529383	
20190607 000000 0.00523997 0.00540125 0.00519703 0.00532581	
20190606 000000 0.00521693 0.00540191 0.00515981 0.00523706	
20190605 000000 0.00530789 0.005362 0.00514754 0.00521179	
20190604 000000 0.00545953 0.00550149 0.00517878 0.00531552	
20190603 000000 0.00560589 0.00563156 0.00537895 0.00546088	
20190602 000000 0.00553136 0.00577112 0.0055 0.00561318	
20190601 000000 0.00557984 0.00575554 0.00544679 0.00553448	
20190531 000000 0.00574524 0.00584274 0.00554285 0.00558165	
20190530 000000 0.00573347 0.00603745 0.00539348 0.00574816	
20190529 000000 0.00540418 0.00585464 0.00526789 0.00574309	
20190528 000000 0.00551 0.00563918 0.00536868 0.00540486	
20190527 000000 0.00535515 0.00553713 0.00521162 0.00551	
20190526 000000 0.00534532 0.00544812 0.00530904 0.00535402	
20190525 000000 0.00539586 0.00547278 0.00527462 0.0053453	
20190524 000000 0.0053376 0.00551278 0.0053164 0.00539654	
20190523 000000 0.00534879 0.00549218 0.00528807 0.0053391	
20190522 000000 0.00551853 0.00554749 0.00526547 0.00533727	
20190521 000000 0.00545373 0.00561348 0.00536091 0.00551603	
20190520 000000 0.00550606 0.0055578 0.00534104 0.00545374	
20190519 000000 0.00564095 0.00567233 0.00542828 0.00550427	
20190518 000000 0.00572509 0.00577663 0.00554392 0.00562947	
20190517 000000 0.00555855 0.00576152 0.00535418 0.00572736	
20190516 000000 0.00634866 0.006723 0.00554103 0.00557322	
20190515 000000 0.0067515 0.00726603 0.00621465 0.00637269	
20190514 000000 0.00613373 0.00684611 0.0060422 0.00675493	
20190513 000000 0.00618233 0.00651538 0.0061337 0.00614382	
