20190611 000000 0.00011315 0.00011739 0.00011221 0.00011507	
20190610 000000 0.00011692 0.00011745 0.0001123 0.00011362	
20190609 000000 0.00011742 0.00011924 0.00011377 0.00011692	
20190608 000000 0.00010952 0.00012432 0.00010726 0.00011773	
20190607 000000 0.0001057 0.00011114 0.00010443 0.00010952	
20190606 000000 0.00010962 0.00011507 0.00010425 0.00010492	
20190605 000000 0.00010627 0.00011322 9.965e-05 0.00010917	
20190604 000000 0.00010694 0.00010915 0.00010305 0.00010601	
20190603 000000 0.0001012 0.00011137 0.00010067 0.00010685	
20190602 000000 9.904e-05 0.0001023 9.842e-05 0.00010004	
20190601 000000 0.00010515 0.00010568 9.764e-05 9.845e-05	
20190531 000000 0.00010266 0.00010685 0.00010121 0.00010515	
20190530 000000 0.00011184 0.00011322 0.00010293 0.00010293	
20190529 000000 0.00010521 0.00013 0.00010212 0.00011184	
20190528 000000 0.00010443 0.00010877 9.866e-05 0.00010404	
20190527 000000 0.00012019 0.00012402 9.902e-05 0.00010304	
20190526 000000 0.0001045 0.00012308 0.00010053 0.00011975	
20190525 000000 0.00010549 0.000109 9.646e-05 0.00010196	
20190524 000000 0.00010937 0.00011934 0.00010102 0.00010495	
20190523 000000 9.698e-05 0.00012004 9.525e-05 0.0001107	
20190522 000000 9.675e-05 0.0001046 9.012e-05 9.688e-05	
20190521 000000 8.808e-05 0.0001026 8.475e-05 9.559e-05	
20190520 000000 8.618e-05 8.914e-05 8.194e-05 8.809e-05	
20190519 000000 9.194e-05 9.777e-05 8.352e-05 8.603e-05	
20190518 000000 8.522e-05 0.00017346 8.522e-05 9.2e-05	
20190517 000000 8.922e-05 9.202e-05 7.996e-05 8.507e-05	
20190516 000000 9.742e-05 0.00010688 8.517e-05 8.94e-05	
20190515 000000 0.00010811 0.000123 8.961e-05 9.579e-05	
20190514 000000 0.00011116 0.00011521 9.607e-05 0.00010811	
20190513 000000 0.0001108 0.00011967 0.00010509 0.0001112	
