20190611 000000 0.000216 0.000216 0.000201 0.000207	
20190610 000000 0.000206 0.000233 0.000206 0.000216	
20190609 000000 0.000183 0.000211 0.000181 0.000204	
20190608 000000 0.000187 0.000189 0.000182 0.000184	
20190607 000000 0.000182 0.00019 0.000179 0.000186	
20190606 000000 0.000178 0.000193 0.000177 0.000181	
20190605 000000 0.000189 0.000192 0.000177 0.000178	
20190604 000000 0.000192 0.000195 0.00018 0.000189	
20190603 000000 0.000193 0.000194 0.000188 0.000192	
20190602 000000 0.000198 0.0002 0.000191 0.000194	
20190601 000000 0.000207 0.000213 0.000193 0.000198	
20190531 000000 0.000193 0.000222 0.000188 0.000207	
20190530 000000 0.00019 0.000203 0.00018 0.000194	
20190529 000000 0.000194 0.000199 0.00018 0.000191	
20190528 000000 0.000197 0.00021 0.000187 0.000192	
20190527 000000 0.000189 0.000197 0.000182 0.000197	
20190526 000000 0.000194 0.000199 0.000186 0.000189	
20190525 000000 0.000197 0.000202 0.00019 0.000194	
20190524 000000 0.000201 0.000205 0.000195 0.000197	
20190523 000000 0.000205 0.000207 0.000196 0.000203	
20190522 000000 0.00021 0.000216 0.000198 0.000205	
20190521 000000 0.000207 0.000228 0.0002 0.00021	
20190520 000000 0.000212 0.000214 0.000198 0.000207	
20190519 000000 0.000211 0.000223 0.000205 0.000212	
20190518 000000 0.00021 0.000218 0.000202 0.00021	
20190517 000000 0.000207 0.000222 0.000194 0.00021	
20190516 000000 0.000246 0.000261 0.000204 0.000205	
20190515 000000 0.000236 0.000288 0.000226 0.000247	
20190514 000000 0.000221 0.000252 0.000215 0.000235	
20190513 000000 0.000221 0.000246 0.000219 0.000221	
