20190611 000000 0.0011517 0.001249 0.00107614 0.00110375	
20190610 000000 0.00113553 0.0012 0.00106038 0.0011511	
20190609 000000 0.00102978 0.00127599 0.00102685 0.00113607	
20190608 000000 0.00101794 0.0010853 0.00098696 0.00102978	
20190607 000000 0.000956 0.001086 0.00095301 0.00101865	
20190606 000000 0.00094989 0.00096 0.00092033 0.00095688	
20190605 000000 0.00095224 0.00096765 0.00092072 0.00094969	
20190604 000000 0.00094415 0.00095581 0.000911 0.00095169	
20190603 000000 0.00096866 0.00099357 0.00092848 0.00094398	
20190602 000000 0.00093214 0.001086 0.00092363 0.00096847	
20190601 000000 0.00093226 0.00094907 0.0008909 0.00093149	
20190531 000000 0.00089248 0.000983 0.0008848 0.00093249	
20190530 000000 0.00093327 0.00094 0.00086563 0.00089335	
20190529 000000 0.0009441 0.00094989 0.00090255 0.00093214	
20190528 000000 0.00096173 0.00097005 0.00092622 0.0009441	
20190527 000000 0.00102423 0.00102914 0.00092052 0.00096354	
20190526 000000 0.0009928 0.001025 0.00096176 0.00102478	
20190525 000000 0.00100261 0.0010281 0.00095529 0.00099075	
20190524 000000 0.00102158 0.00104362 0.00099171 0.00100351	
20190523 000000 0.00097404 0.0011 0.00095766 0.00102157	
20190522 000000 0.0010423 0.00118 0.00095308 0.00097628	
20190521 000000 0.00094758 0.00104248 0.00090837 0.00104016	
20190520 000000 0.00096656 0.00097324 0.00090695 0.00094622	
20190519 000000 0.00098461 0.00100295 0.000935 0.00096909	
20190518 000000 0.00100932 0.00102592 0.00096655 0.00098046	
20190517 000000 0.00098946 0.00106038 0.00094285 0.00101287	
20190516 000000 0.00107728 0.00118053 0.00095001 0.00097012	
20190515 000000 0.00112234 0.00114363 0.00104502 0.00107728	
20190514 000000 0.00116867 0.00118539 0.00108603 0.00112233	
20190513 000000 0.00121942 0.00127852 0.00116302 0.00116735	
