20190611 000000 1.64e-06 1.64e-06 1.5e-06 1.53e-06	
20190610 000000 1.62e-06 1.89e-06 1.45e-06 1.65e-06	
20190609 000000 1.8e-06 1.82e-06 1.56e-06 1.6e-06	
20190608 000000 1.88e-06 1.95e-06 1.56e-06 1.81e-06	
20190607 000000 1.67e-06 2.85e-06 1.64e-06 1.88e-06	
20190606 000000 1.38e-06 1.76e-06 1.37e-06 1.65e-06	
20190605 000000 1.38e-06 1.4e-06 1.36e-06 1.38e-06	
20190604 000000 1.38e-06 1.48e-06 1.36e-06 1.38e-06	
20190603 000000 1.37e-06 1.48e-06 1.35e-06 1.38e-06	
20190602 000000 1.38e-06 1.45e-06 1.33e-06 1.37e-06	
20190601 000000 1.39e-06 1.39e-06 1.34e-06 1.38e-06	
20190531 000000 1.35e-06 1.44e-06 1.32e-06 1.38e-06	
20190530 000000 1.38e-06 1.49e-06 1.32e-06 1.35e-06	
20190529 000000 1.43e-06 1.43e-06 1.34e-06 1.38e-06	
20190528 000000 1.38e-06 1.45e-06 1.35e-06 1.42e-06	
20190527 000000 1.47e-06 1.48e-06 1.35e-06 1.38e-06	
20190526 000000 1.36e-06 1.48e-06 1.35e-06 1.46e-06	
20190525 000000 1.33e-06 1.48e-06 1.32e-06 1.36e-06	
20190524 000000 1.34e-06 1.45e-06 1.3e-06 1.33e-06	
20190523 000000 1.32e-06 1.39e-06 1.22e-06 1.34e-06	
20190522 000000 1.41e-06 1.44e-06 1.3e-06 1.32e-06	
20190521 000000 1.41e-06 1.51e-06 1.32e-06 1.41e-06	
20190520 000000 1.46e-06 1.52e-06 1.36e-06 1.41e-06	
20190519 000000 1.55e-06 1.56e-06 1.4e-06 1.46e-06	
20190518 000000 1.61e-06 1.65e-06 1.45e-06 1.55e-06	
20190517 000000 1.39e-06 1.68e-06 1.3e-06 1.61e-06	
20190516 000000 1.54e-06 1.61e-06 1.33e-06 1.38e-06	
20190515 000000 1.63e-06 1.63e-06 1.4e-06 1.54e-06	
20190514 000000 1.8e-06 2.03e-06 1.5e-06 1.63e-06	
20190513 000000 1.76e-06 1.89e-06 1.7e-06 1.81e-06	
