20190611 000000 1e-06 1.06e-06 9.8e-07 1.03e-06	
20190610 000000 1.04e-06 1.07e-06 9.8e-07 1e-06	
20190609 000000 1.11e-06 1.17e-06 1.02e-06 1.04e-06	
20190608 000000 1.05e-06 1.16e-06 1.01e-06 1.1e-06	
20190607 000000 9.9e-07 1.13e-06 9.8e-07 1.05e-06	
20190606 000000 9e-07 1.01e-06 9e-07 9.9e-07	
20190605 000000 9.3e-07 9.6e-07 8.6e-07 9e-07	
20190604 000000 9.8e-07 1.04e-06 8.8e-07 9.3e-07	
20190603 000000 1e-06 1.06e-06 9.2e-07 9.8e-07	
20190602 000000 1.01e-06 1.03e-06 9.4e-07 1e-06	
20190601 000000 1.03e-06 1.05e-06 1e-06 1.02e-06	
20190531 000000 1.02e-06 1.08e-06 9.7e-07 1.02e-06	
20190530 000000 1.03e-06 1.08e-06 9.5e-07 1.02e-06	
20190529 000000 1.05e-06 1.1e-06 1e-06 1.03e-06	
20190528 000000 1.04e-06 1.15e-06 9.8e-07 1.05e-06	
20190527 000000 1.11e-06 1.16e-06 1.04e-06 1.04e-06	
20190526 000000 1.1e-06 1.12e-06 1.07e-06 1.11e-06	
20190525 000000 1.09e-06 1.15e-06 1.04e-06 1.1e-06	
20190524 000000 1.07e-06 1.11e-06 1.03e-06 1.09e-06	
20190523 000000 1.08e-06 1.17e-06 1.03e-06 1.07e-06	
20190522 000000 1.16e-06 1.16e-06 1.01e-06 1.08e-06	
20190521 000000 1.1e-06 1.32e-06 9.9e-07 1.17e-06	
20190520 000000 1.21e-06 1.28e-06 9.9e-07 1.1e-06	
20190519 000000 1.18e-06 1.32e-06 1.17e-06 1.2e-06	
20190518 000000 1.2e-06 1.31e-06 1.11e-06 1.18e-06	
20190517 000000 9.5e-07 1.41e-06 9.3e-07 1.21e-06	
20190516 000000 1.09e-06 1.16e-06 8.8e-07 9.5e-07	
20190515 000000 1.17e-06 1.3e-06 1.03e-06 1.09e-06	
20190514 000000 1.32e-06 1.33e-06 1.08e-06 1.18e-06	
20190513 000000 1.28e-06 1.6e-06 1.25e-06 1.32e-06	
