20190611 000000 0.000395 0.000452 0.00039 0.000423	
20190610 000000 0.00039 0.000408 0.000383 0.000395	
20190609 000000 0.000398 0.00041 0.00039 0.000392	
20190608 000000 0.000384 0.000414 0.000376 0.000398	
20190607 000000 0.00036 0.000394 0.00036 0.000387	
20190606 000000 0.000356 0.000376 0.000353 0.00036	
20190605 000000 0.000365 0.00038 0.000353 0.000356	
20190604 000000 0.000375 0.000384 0.000355 0.000365	
20190603 000000 0.000379 0.000384 0.00037 0.000375	
20190602 000000 0.000378 0.000385 0.000369 0.000378	
20190601 000000 0.000382 0.000387 0.000371 0.000378	
20190531 000000 0.000382 0.000411 0.000377 0.000383	
20190530 000000 0.000393 0.000406 0.00037 0.000389	
20190529 000000 0.000384 0.000402 0.00038 0.000395	
20190528 000000 0.000382 0.000417 0.000371 0.000387	
20190527 000000 0.000409 0.000413 0.000372 0.000382	
20190526 000000 0.000405 0.000476 0.000399 0.000409	
20190525 000000 0.00039 0.000415 0.000385 0.000406	
20190524 000000 0.000396 0.000422 0.000388 0.000391	
20190523 000000 0.000398 0.000417 0.000385 0.000395	
20190522 000000 0.000387 0.000418 0.000369 0.000399	
20190521 000000 0.000362 0.000397 0.000358 0.000387	
20190520 000000 0.000361 0.000391 0.000356 0.000363	
20190519 000000 0.000379 0.000389 0.000358 0.000364	
20190518 000000 0.000372 0.000413 0.000361 0.000379	
20190517 000000 0.000358 0.00039 0.00035 0.000373	
20190516 000000 0.000405 0.000443 0.000359 0.000359	
20190515 000000 0.000458 0.000459 0.000406 0.000407	
20190514 000000 0.000457 0.000492 0.000425 0.000457	
20190513 000000 0.000449 0.0006 0.000438 0.000458	
