20190611 000000 2.289e-05 3.077e-05 2.204e-05 2.652e-05	
20190610 000000 2.552e-05 2.554e-05 2.185e-05 2.29e-05	
20190609 000000 3.089e-05 3.108e-05 2.458e-05 2.533e-05	
20190608 000000 3.381e-05 3.75e-05 2.843e-05 3.104e-05	
20190607 000000 3.503e-05 4.5e-05 2.402e-05 3.386e-05	
20190606 000000 1.668e-05 3.608e-05 1.662e-05 3.511e-05	
20190605 000000 1.661e-05 1.712e-05 1.578e-05 1.669e-05	
20190604 000000 1.702e-05 1.777e-05 1.611e-05 1.664e-05	
20190603 000000 1.745e-05 1.747e-05 1.631e-05 1.703e-05	
20190602 000000 1.797e-05 1.809e-05 1.699e-05 1.747e-05	
20190601 000000 1.773e-05 1.919e-05 1.665e-05 1.797e-05	
20190531 000000 1.798e-05 1.825e-05 1.655e-05 1.773e-05	
20190530 000000 1.834e-05 1.916e-05 1.726e-05 1.801e-05	
20190529 000000 1.837e-05 1.941e-05 1.758e-05 1.834e-05	
20190528 000000 1.816e-05 1.93e-05 1.66e-05 1.844e-05	
20190527 000000 1.985e-05 2.021e-05 1.795e-05 1.829e-05	
20190526 000000 1.959e-05 2e-05 1.814e-05 1.98e-05	
20190525 000000 1.82e-05 2.1e-05 1.755e-05 1.972e-05	
20190524 000000 1.897e-05 1.945e-05 1.75e-05 1.824e-05	
20190523 000000 1.899e-05 1.998e-05 1.785e-05 1.903e-05	
20190522 000000 1.919e-05 1.999e-05 1.705e-05 1.907e-05	
20190521 000000 1.845e-05 2.021e-05 1.705e-05 1.919e-05	
20190520 000000 1.932e-05 2.085e-05 1.73e-05 1.845e-05	
20190519 000000 2.224e-05 2.231e-05 1.921e-05 1.941e-05	
20190518 000000 2.593e-05 3.056e-05 2.02e-05 2.224e-05	
20190517 000000 2.019e-05 2.691e-05 2.011e-05 2.61e-05	
20190516 000000 2.033e-05 2.587e-05 1.903e-05 2.024e-05	
20190515 000000 2.024e-05 2.339e-05 1.805e-05 2.009e-05	
20190514 000000 2.337e-05 2.405e-05 1.805e-05 2.024e-05	
20190513 000000 2.49e-05 2.73e-05 2.225e-05 2.338e-05	
