20190611 000000 0.00049295 0.00049877 0.00048558 0.00049537	
20190610 000000 0.00051393 0.00052081 0.00048877 0.00049353	
20190609 000000 0.00049584 0.00057584 0.00048903 0.00051406	
20190608 000000 0.00047419 0.00052934 0.00047272 0.00049597	
20190607 000000 0.00045567 0.00049877 0.00044913 0.00047412	
20190606 000000 0.00044254 0.00046192 0.00044076 0.00045543	
20190605 000000 0.00045464 0.00046733 0.00044082 0.00044279	
20190604 000000 0.00046571 0.00047185 0.00044743 0.00045461	
20190603 000000 0.00046762 0.00047276 0.00045654 0.00046435	
20190602 000000 0.00045836 0.00046761 0.00045512 0.00046761	
20190601 000000 0.00046306 0.00046516 0.00044774 0.0004576	
20190531 000000 0.00045993 0.00048264 0.0004586 0.00046306	
20190530 000000 0.0004754 0.00050996 0.00044513 0.00046052	
20190529 000000 0.00047438 0.00047947 0.00046411 0.0004754	
20190528 000000 0.00047059 0.00047813 0.00046598 0.00047396	
20190527 000000 0.00049894 0.00050084 0.00046309 0.00046937	
20190526 000000 0.00050775 0.00052371 0.00049278 0.00049947	
20190525 000000 0.00049354 0.00054932 0.0004915 0.00050892	
20190524 000000 0.0004986 0.00056275 0.00048696 0.00049493	
20190523 000000 0.00047614 0.00050649 0.00047117 0.00049841	
20190522 000000 0.00047486 0.00049213 0.00046284 0.00047643	
20190521 000000 0.0004638 0.00050574 0.00045448 0.00047481	
20190520 000000 0.00046588 0.00047496 0.00045691 0.00046327	
20190519 000000 0.00048439 0.00049697 0.00046059 0.00046557	
20190518 000000 0.00047777 0.0004999 0.00046596 0.00048425	
20190517 000000 0.00045766 0.00051533 0.0004523 0.00047751	
20190516 000000 0.00049465 0.00053915 0.00045653 0.00045778	
20190515 000000 0.000533 0.00061783 0.00048315 0.00049856	
20190514 000000 0.00053432 0.000575 0.0005 0.00053295	
20190513 000000 0.00056378 0.00057115 0.00053323 0.00053436	
