20190611 000000 0.00098659 0.00099676 0.00088439 0.00092239	
20190610 000000 0.00096645 0.00101878 0.00088634 0.00098842	
20190609 000000 0.00089224 0.00101931 0.00087031 0.00096845	
20190608 000000 0.00088514 0.00098141 0.00085565 0.00089224	
20190607 000000 0.00083607 0.00092955 0.00082725 0.00088302	
20190606 000000 0.0007953 0.00085739 0.00078184 0.00083726	
20190605 000000 0.00079732 0.00083428 0.0007639 0.00079435	
20190604 000000 0.00086705 0.00086755 0.00078 0.00079751	
20190603 000000 0.00093479 0.00093479 0.00082044 0.00086705	
20190602 000000 0.00081602 0.00098258 0.00080104 0.00092391	
20190601 000000 0.00081601 0.00083258 0.00077666 0.00081643	
20190531 000000 0.00077791 0.00084199 0.0007679 0.00081553	
20190530 000000 0.00078608 0.00081522 0.00073053 0.00077722	
20190529 000000 0.00076399 0.00079228 0.00075006 0.00078596	
20190528 000000 0.00077593 0.000792 0.00071716 0.00076586	
20190527 000000 0.00082541 0.000843 0.00077066 0.00078273	
20190526 000000 0.00081547 0.00083494 0.00079061 0.00082754	
20190525 000000 0.00080686 0.00084485 0.00076951 0.00081592	
20190524 000000 0.00078093 0.00082302 0.00075692 0.00080819	
20190523 000000 0.00078802 0.00081794 0.00072911 0.00078198	
20190522 000000 0.00082592 0.00082818 0.00076 0.00078671	
20190521 000000 0.00099545 0.00100667 0.00078678 0.00082411	
20190520 000000 0.00076069 0.0011 0.00075686 0.00099569	
20190519 000000 0.00074994 0.00076258 0.00073146 0.00076105	
20190518 000000 0.00076867 0.00078995 0.00071863 0.00075142	
20190517 000000 0.00070746 0.00078585 0.0007034 0.00076393	
20190516 000000 0.00084736 0.00088866 0.00070461 0.00070497	
20190515 000000 0.00091263 0.00098794 0.00077909 0.0008371	
20190514 000000 0.00091384 0.00111793 0.00075683 0.00090184	
20190513 000000 0.00092608 0.00107796 0.0008666 0.00089001	
