20190611 000000 0.000491 0.000668 0.000486 0.000647	
20190610 000000 0.000508 0.000508 0.000465 0.000492	
20190609 000000 0.000482 0.00051 0.000477 0.000508	
20190608 000000 0.000483 0.000502 0.00047 0.000482	
20190607 000000 0.000499 0.00052 0.000473 0.000483	
20190606 000000 0.000489 0.000516 0.000473 0.000499	
20190605 000000 0.000502 0.000508 0.000476 0.000488	
20190604 000000 0.000478 0.000509 0.00047 0.000502	
20190603 000000 0.000489 0.000492 0.00046 0.000478	
20190602 000000 0.000473 0.000499 0.000465 0.000489	
20190601 000000 0.000482 0.000489 0.000459 0.000473	
20190531 000000 0.000439 0.000498 0.000435 0.000482	
20190530 000000 0.000463 0.000474 0.000436 0.000439	
20190529 000000 0.000469 0.000482 0.00046 0.000463	
20190528 000000 0.000472 0.000477 0.000459 0.000469	
20190527 000000 0.000523 0.000529 0.00046 0.000472	
20190526 000000 0.000491 0.000525 0.000488 0.000521	
20190525 000000 0.000483 0.0005 0.00048 0.000491	
20190524 000000 0.000493 0.000516 0.000475 0.000486	
20190523 000000 0.000479 0.000517 0.000477 0.000493	
20190522 000000 0.000488 0.000496 0.00047 0.000482	
20190521 000000 0.000493 0.000516 0.000472 0.000489	
20190520 000000 0.000487 0.000497 0.000473 0.00049	
20190519 000000 0.000515 0.000525 0.000478 0.000487	
20190518 000000 0.000533 0.000546 0.0005 0.000514	
20190517 000000 0.000481 0.000562 0.000481 0.000533	
20190516 000000 0.000532 0.000561 0.000475 0.000482	
20190515 000000 0.000573 0.000614 0.00052 0.000532	
20190514 000000 0.00061 0.00062 0.00056 0.00057	
20190513 000000 0.000661 0.00068 0.000602 0.000611	
