20190611 000000 0.00010924 0.00011177 0.00010599 0.00010882	
20190610 000000 0.00010979 0.00011188 0.00010361 0.00010834	
20190609 000000 0.00010341 0.00011121 0.00010273 0.00010895	
20190608 000000 0.00010777 0.00011188 0.00010209 0.00010401	
20190607 000000 0.00010007 0.00011156 9.679e-05 0.00010776	
20190606 000000 9.783e-05 0.00010291 9.518e-05 9.824e-05	
20190605 000000 9.858e-05 0.00010287 9.457e-05 9.804e-05	
20190604 000000 0.0001026 0.00010869 9.539e-05 9.86e-05	
20190603 000000 0.00010199 0.00012 9.74e-05 0.00010417	
20190602 000000 9.541e-05 0.0001105 9.222e-05 0.00010197	
20190601 000000 9.904e-05 0.00010822 9.257e-05 9.636e-05	
20190531 000000 9.659e-05 0.00010917 9.581e-05 9.954e-05	
20190530 000000 0.00010092 0.00010945 9.625e-05 9.625e-05	
20190529 000000 0.00010828 0.00011252 9.943e-05 0.00010182	
20190528 000000 9.755e-05 0.00011793 9.326e-05 0.00010812	
20190527 000000 0.00011015 0.00011113 9.234e-05 9.597e-05	
20190526 000000 9.961e-05 0.00011795 9.818e-05 0.00010789	
20190525 000000 0.00011041 0.00011972 9.452e-05 0.00010142	
20190524 000000 0.00011162 0.00012998 0.00010608 0.00011034	
20190523 000000 0.00010043 0.00013896 9.632e-05 0.00011352	
20190522 000000 9.032e-05 0.00010799 8.81e-05 0.00010267	
20190521 000000 8.694e-05 0.000125 8.378e-05 8.981e-05	
20190520 000000 8.835e-05 8.941e-05 8.2e-05 8.7e-05	
20190519 000000 9.3e-05 0.00015 8.532e-05 8.835e-05	
20190518 000000 9.027e-05 9.577e-05 8.646e-05 9.115e-05	
20190517 000000 9.571e-05 0.0001013 8.447e-05 8.911e-05	
20190516 000000 0.00010033 0.00010369 8.86e-05 9.561e-05	
20190515 000000 0.00010472 0.00011842 8.884e-05 9.952e-05	
20190514 000000 0.00011572 0.00011874 9.691e-05 0.00010456	
20190513 000000 0.00013605 0.00018449 0.00011333 0.00011513	
