20190611 000000 0.013022 0.013399 0.012696 0.012928	
20190610 000000 0.012405 0.014537 0.012376 0.013007	
20190609 000000 0.012446 0.012633 0.012276 0.012403	
20190608 000000 0.012633 0.01292 0.012332 0.012434	
20190607 000000 0.012111 0.012642 0.01202 0.01263	
20190606 000000 0.012257 0.01237 0.011998 0.012086	
20190605 000000 0.012446 0.012529 0.012146 0.012238	
20190604 000000 0.012944 0.013123 0.012153 0.012514	
20190603 000000 0.013205 0.013456 0.01267 0.012948	
20190602 000000 0.013568 0.013761 0.013049 0.013204	
20190601 000000 0.012174 0.014026 0.012174 0.013572	
20190531 000000 0.012303 0.012698 0.012031 0.012171	
20190530 000000 0.012233 0.012928 0.011916 0.012293	
20190529 000000 0.011698 0.0126 0.011477 0.012211	
20190528 000000 0.011702 0.012177 0.011574 0.01172	
20190527 000000 0.011575 0.011773 0.011354 0.011718	
20190526 000000 0.011522 0.011743 0.011428 0.011574	
20190525 000000 0.011734 0.01187 0.011395 0.011518	
20190524 000000 0.011734 0.012001 0.0116 0.011751	
20190523 000000 0.012098 0.012271 0.0116 0.011729	
20190522 000000 0.012535 0.012733 0.011916 0.012087	
20190521 000000 0.012635 0.013927 0.012128 0.012535	
20190520 000000 0.012106 0.01287 0.011831 0.012596	
20190519 000000 0.011873 0.012397 0.011759 0.012107	
20190518 000000 0.012099 0.012286 0.011765 0.01187	
20190517 000000 0.011932 0.012261 0.011556 0.012147	
20190516 000000 0.013038 0.013787 0.011834 0.011877	
20190515 000000 0.013223 0.013472 0.012558 0.013058	
20190514 000000 0.012516 0.013641 0.012324 0.013268	
20190513 000000 0.01303 0.01313 0.012457 0.012512	
