20190611 000000 3.492e-05 3.621e-05 3.329e-05 3.382e-05	
20190610 000000 3.504e-05 3.525e-05 3.232e-05 3.491e-05	
20190609 000000 3.43e-05 3.673e-05 3.309e-05 3.503e-05	
20190608 000000 3.291e-05 3.458e-05 3.173e-05 3.431e-05	
20190607 000000 3.209e-05 3.355e-05 3.06e-05 3.296e-05	
20190606 000000 3.248e-05 3.298e-05 3.111e-05 3.21e-05	
20190605 000000 3.447e-05 3.505e-05 3.079e-05 3.25e-05	
20190604 000000 3.113e-05 3.752e-05 2.907e-05 3.448e-05	
20190603 000000 3.096e-05 3.196e-05 2.967e-05 3.112e-05	
20190602 000000 3.128e-05 3.2e-05 2.993e-05 3.094e-05	
20190601 000000 3.228e-05 3.279e-05 3e-05 3.128e-05	
20190531 000000 3.093e-05 3.369e-05 3.08e-05 3.228e-05	
20190530 000000 3.246e-05 3.286e-05 2.977e-05 3.093e-05	
20190529 000000 3.292e-05 3.345e-05 3.136e-05 3.247e-05	
20190528 000000 3.301e-05 3.41e-05 3.158e-05 3.291e-05	
20190527 000000 3.554e-05 3.581e-05 3.038e-05 3.3e-05	
20190526 000000 3.612e-05 3.78e-05 3.492e-05 3.554e-05	
20190525 000000 3.527e-05 3.695e-05 3.36e-05 3.605e-05	
20190524 000000 3.723e-05 3.759e-05 3.426e-05 3.525e-05	
20190523 000000 3.591e-05 3.779e-05 3.36e-05 3.721e-05	
20190522 000000 3.691e-05 3.692e-05 3.536e-05 3.592e-05	
20190521 000000 3.693e-05 3.896e-05 3.641e-05 3.691e-05	
20190520 000000 3.642e-05 3.816e-05 3.584e-05 3.698e-05	
20190519 000000 3.868e-05 4.149e-05 3.565e-05 3.636e-05	
20190518 000000 3.749e-05 4.059e-05 3.481e-05 3.862e-05	
20190517 000000 3.406e-05 3.836e-05 3.361e-05 3.75e-05	
20190516 000000 3.996e-05 4.057e-05 3.4e-05 3.405e-05	
20190515 000000 4.25e-05 4.318e-05 3.833e-05 3.998e-05	
20190514 000000 4.344e-05 4.432e-05 3.983e-05 4.25e-05	
20190513 000000 4.452e-05 4.666e-05 4.235e-05 4.326e-05	
