20190611 000000 0.000252 0.000255 0.000238 0.000241	
20190610 000000 0.000254 0.000262 0.00024 0.000254	
20190609 000000 0.000243 0.00026 0.000241 0.000253	
20190608 000000 0.000249 0.000252 0.00023 0.000243	
20190607 000000 0.000257 0.00026 0.000242 0.000248	
20190606 000000 0.000255 0.000263 0.000243 0.000258	
20190605 000000 0.000244 0.00026 0.000238 0.000255	
20190604 000000 0.000243 0.000268 0.000226 0.000244	
20190603 000000 0.000241 0.00025 0.000228 0.000242	
20190602 000000 0.000211 0.000243 0.000207 0.000242	
20190601 000000 0.000216 0.000233 0.000203 0.000211	
20190531 000000 0.000215 0.000233 0.000208 0.000217	
20190530 000000 0.000219 0.000223 0.0002 0.000214	
20190529 000000 0.000227 0.000234 0.000214 0.00022	
20190528 000000 0.000235 0.000235 0.000206 0.000226	
20190527 000000 0.000256 0.000257 0.00023 0.000234	
20190526 000000 0.000255 0.000263 0.000246 0.000255	
20190525 000000 0.000263 0.000272 0.00025 0.000255	
20190524 000000 0.000279 0.000279 0.000259 0.000263	
20190523 000000 0.000266 0.00028 0.000251 0.000279	
20190522 000000 0.000253 0.00027 0.000245 0.000268	
20190521 000000 0.000235 0.000255 0.000227 0.000254	
20190520 000000 0.000243 0.000263 0.000228 0.000235	
20190519 000000 0.000267 0.000271 0.00024 0.000243	
20190518 000000 0.000287 0.000296 0.000245 0.000266	
20190517 000000 0.000243 0.000293 0.00024 0.000286	
20190516 000000 0.000306 0.00031 0.000242 0.000243	
20190515 000000 0.000353 0.000359 0.000301 0.000307	
20190514 000000 0.000337 0.000374 0.000301 0.000352	
20190513 000000 0.000384 0.000398 0.000332 0.000334	
