20190611 000000 0.00013258 0.00013429 0.00012618 0.00012982	
20190610 000000 0.00012789 0.00013534 0.00012499 0.00013282	
20190609 000000 0.00012867 0.00013294 0.00012528 0.00012743	
20190608 000000 0.00012757 0.0001376 0.00012285 0.00012855	
20190607 000000 0.00012018 0.00013003 0.0001185 0.0001271	
20190606 000000 0.00011967 0.00012857 0.00011734 0.00012045	
20190605 000000 0.0001253 0.00012606 0.00011786 0.00011888	
20190604 000000 0.00012764 0.00013154 0.00011977 0.00012436	
20190603 000000 0.00012911 0.00014107 0.00012429 0.00012747	
20190602 000000 0.00011982 0.00013448 0.00011587 0.00012891	
20190601 000000 0.00012178 0.00012792 0.00011631 0.00011986	
20190531 000000 0.00011631 0.00012623 0.00011493 0.00012173	
20190530 000000 0.00012128 0.00012432 0.00011409 0.00011611	
20190529 000000 0.0001253 0.00012977 0.00012063 0.00012127	
20190528 000000 0.00011507 0.00016154 0.00011247 0.00012531	
20190527 000000 0.00012649 0.00012739 0.00011231 0.00011546	
20190526 000000 0.00012315 0.000128 0.00012131 0.0001265	
20190525 000000 0.00012239 0.00012758 0.00011533 0.00012231	
20190524 000000 0.00013109 0.00014044 0.0001202 0.00012266	
20190523 000000 0.00012902 0.00013743 0.00012132 0.00013061	
20190522 000000 0.00012473 0.00013 0.00011915 0.00012872	
20190521 000000 0.00012405 0.0001282 0.00011025 0.00012554	
20190520 000000 0.00011871 0.00012892 0.00011092 0.00012395	
20190519 000000 0.00012407 0.00012678 0.00011474 0.00011897	
20190518 000000 0.00012264 0.00012892 0.0001191 0.00012421	
20190517 000000 0.00011977 0.0001283 0.00011503 0.0001239	
20190516 000000 0.0001393 0.00013958 0.00011526 0.00011976	
20190515 000000 0.00014679 0.000153 0.00012215 0.00013879	
20190514 000000 0.00014219 0.00018349 0.0001296 0.00014327	
20190513 000000 0.00014144 0.00015056 0.00013743 0.00014001	
