20190611 000000 0.00137179 0.00147963 0.00134852 0.00140517	
20190610 000000 0.00136848 0.00146873 0.0013095 0.00136376	
20190609 000000 0.00148479 0.00148479 0.00136042 0.00136849	
20190608 000000 0.00142787 0.001492 0.00138468 0.0014749	
20190607 000000 0.00133673 0.00144436 0.00129376 0.00140237	
20190606 000000 0.00131461 0.0013599 0.00129096 0.00133673	
20190605 000000 0.00140037 0.00147596 0.00130294 0.00130741	
20190604 000000 0.00143767 0.00151899 0.00139378 0.00140508	
20190603 000000 0.00148133 0.00154419 0.00142082 0.00143767	
20190602 000000 0.00151984 0.00155096 0.00145711 0.00147923	
20190601 000000 0.0017605 0.00197998 0.00150064 0.00153144	
20190531 000000 0.00129842 0.00190948 0.00126379 0.00176046	
20190530 000000 0.00119816 0.00149225 0.001151 0.00130274	
20190529 000000 0.0011806 0.00122994 0.00113148 0.00119137	
20190528 000000 0.00114878 0.00122993 0.00113451 0.0011806	
20190527 000000 0.00128444 0.00129841 0.00114738 0.001161	
20190526 000000 0.00123081 0.00137043 0.0012209 0.00128266	
20190525 000000 0.00125193 0.00135123 0.0011807 0.00123076	
20190524 000000 0.00135211 0.00143464 0.00124398 0.00125505	
20190523 000000 0.00136721 0.00140462 0.001231 0.00134801	
20190522 000000 0.0012005 0.00148586 0.00118205 0.00136722	
20190521 000000 0.00117837 0.00125861 0.00112912 0.00119474	
20190520 000000 0.00116951 0.0013 0.00113568 0.00117843	
20190519 000000 0.00130268 0.00130984 0.0011536 0.00116865	
20190518 000000 0.00123974 0.00131246 0.00120276 0.00129425	
20190517 000000 0.00118244 0.00135804 0.001134 0.00126647	
20190516 000000 0.00135858 0.00151842 0.0011669 0.00118352	
20190515 000000 0.00143283 0.00151012 0.00124342 0.00135858	
20190514 000000 0.00147274 0.00151837 0.00132 0.00142759	
20190513 000000 0.00137665 0.00277064 0.00137665 0.00147274	
