20190611 000000 0.000199 0.000204 0.000185 0.000193	
20190610 000000 0.000193 0.000212 0.00019 0.0002	
20190609 000000 0.000174 0.000196 0.000173 0.000193	
20190608 000000 0.000167 0.000176 0.000165 0.000173	
20190607 000000 0.000173 0.000174 0.000163 0.000168	
20190606 000000 0.000169 0.000178 0.00016 0.000173	
20190605 000000 0.000162 0.000174 0.000154 0.000167	
20190604 000000 0.000166 0.000167 0.000158 0.000162	
20190603 000000 0.000158 0.00017 0.000154 0.000165	
20190602 000000 0.000153 0.000176 0.000151 0.000157	
20190601 000000 0.000146 0.000164 0.000137 0.000153	
20190531 000000 0.000119 0.000163 0.000118 0.000145	
20190530 000000 0.00012 0.000135 0.000117 0.000119	
20190529 000000 0.000119 0.00013 0.000111 0.000119	
20190528 000000 0.00011 0.000129 0.00011 0.000119	
20190527 000000 0.000123 0.000125 0.00011 0.00011	
20190526 000000 0.000124 0.000133 0.000121 0.000123	
20190525 000000 0.000134 0.000134 0.000121 0.000124	
20190524 000000 0.000143 0.000148 0.000132 0.000134	
20190523 000000 0.000135 0.000154 0.000132 0.000144	
20190522 000000 0.000131 0.000139 0.00013 0.000134	
20190521 000000 0.000126 0.000134 0.000123 0.000132	
20190520 000000 0.000134 0.000148 0.000118 0.000126	
20190519 000000 0.00012 0.000145 0.000116 0.000132	
20190518 000000 0.000118 0.000129 0.000112 0.000119	
20190517 000000 0.000113 0.000119 0.000106 0.000118	
20190516 000000 0.000121 0.000135 0.000112 0.000113	
20190515 000000 0.000126 0.00013 0.000108 0.000122	
20190514 000000 0.000131 0.000134 0.000113 0.000125	
20190513 000000 0.000133 0.000139 0.000128 0.000131	
