20190611 000000 0.00010409 0.00010499 9.851e-05 0.00010265	
20190610 000000 0.00010113 0.00010889 9.72e-05 0.00010388	
20190609 000000 0.00010257 0.00010399 9.909e-05 0.00010194	
20190608 000000 9.796e-05 0.00010889 9.489e-05 0.00010257	
20190607 000000 9.259e-05 9.9e-05 9.025e-05 9.773e-05	
20190606 000000 8.794e-05 9.902e-05 8.794e-05 9.25e-05	
20190605 000000 9.152e-05 9.599e-05 8.751e-05 8.81e-05	
20190604 000000 9.174e-05 9.34e-05 8.742e-05 9.152e-05	
20190603 000000 9.17e-05 9.492e-05 8.896e-05 9.179e-05	
20190602 000000 9.297e-05 9.514e-05 8.822e-05 9.105e-05	
20190601 000000 9.3e-05 9.51e-05 8.837e-05 9.297e-05	
20190531 000000 9.131e-05 9.899e-05 8.967e-05 9.248e-05	
20190530 000000 9.559e-05 9.988e-05 8.912e-05 9.122e-05	
20190529 000000 9.408e-05 0.00010845 9.304e-05 9.562e-05	
20190528 000000 9.295e-05 9.842e-05 9.144e-05 9.398e-05	
20190527 000000 0.00010365 0.00010618 9.09e-05 9.334e-05	
20190526 000000 0.00010316 0.00010852 0.00010001 0.0001037	
20190525 000000 9.717e-05 0.00014177 9.335e-05 0.00010309	
20190524 000000 0.00011228 0.00011239 9.654e-05 9.717e-05	
20190523 000000 9.47e-05 0.00012541 9.355e-05 0.00011269	
20190522 000000 8.934e-05 9.924e-05 8.755e-05 9.6e-05	
20190521 000000 8.882e-05 9.562e-05 8.292e-05 8.882e-05	
20190520 000000 8.648e-05 9.401e-05 8.281e-05 8.971e-05	
20190519 000000 9.297e-05 9.448e-05 8.6e-05 8.71e-05	
20190518 000000 9.246e-05 0.00010216 8.928e-05 9.357e-05	
20190517 000000 9.028e-05 9.806e-05 8.538e-05 9.073e-05	
20190516 000000 0.00010175 0.00010548 8.792e-05 8.982e-05	
20190515 000000 0.00011118 0.0001182 0.0001 0.00010213	
20190514 000000 0.00011401 0.00012017 0.00010904 0.00011149	
20190513 000000 0.00011109 0.00011728 0.00010905 0.00011471	
