20190611 000000 1.006e-05 1.021e-05 9.11e-06 9.85e-06	
20190610 000000 1.153e-05 1.156e-05 9.7e-06 1.006e-05	
20190609 000000 1.082e-05 1.166e-05 1.051e-05 1.151e-05	
20190608 000000 9.67e-06 1.143e-05 9.55e-06 1.083e-05	
20190607 000000 9.42e-06 1.002e-05 9.28e-06 9.67e-06	
20190606 000000 8.87e-06 9.51e-06 8.26e-06 9.42e-06	
20190605 000000 8.45e-06 9.17e-06 8.38e-06 8.89e-06	
20190604 000000 8.84e-06 9.3e-06 8.43e-06 8.45e-06	
20190603 000000 8.76e-06 9.6e-06 8.51e-06 8.84e-06	
20190602 000000 8.89e-06 8.96e-06 8.57e-06 8.72e-06	
20190601 000000 8.97e-06 8.98e-06 8.62e-06 8.88e-06	
20190531 000000 8.73e-06 9.37e-06 8.63e-06 8.97e-06	
20190530 000000 9.03e-06 9.59e-06 8.55e-06 8.74e-06	
20190529 000000 9.12e-06 9.8e-06 8.63e-06 9.03e-06	
20190528 000000 8.96e-06 9.54e-06 8.66e-06 9.14e-06	
20190527 000000 9.62e-06 1.136e-05 8.6e-06 8.95e-06	
20190526 000000 9.36e-06 1.066e-05 8.96e-06 9.56e-06	
20190525 000000 9.29e-06 9.58e-06 8.87e-06 9.36e-06	
20190524 000000 9.01e-06 1.162e-05 8.97e-06 9.38e-06	
20190523 000000 9.42e-06 9.73e-06 8.6e-06 9.01e-06	
20190522 000000 1.088e-05 1.196e-05 8.83e-06 9.46e-06	
20190521 000000 1.058e-05 1.09e-05 8.81e-06 1.086e-05	
20190520 000000 1.042e-05 1.131e-05 9.68e-06 1.061e-05	
20190519 000000 9.84e-06 1.132e-05 9.82e-06 1.041e-05	
20190518 000000 1.05e-05 1.168e-05 9.18e-06 9.83e-06	
20190517 000000 9.24e-06 1.083e-05 8.38e-06 1.049e-05	
20190516 000000 9.9e-06 1.034e-05 8.62e-06 9.2e-06	
20190515 000000 1.041e-05 1.1e-05 9.46e-06 9.93e-06	
20190514 000000 1.135e-05 1.138e-05 9.92e-06 1.039e-05	
20190513 000000 1.121e-05 1.309e-05 1.083e-05 1.134e-05	
