20190611 000000 5.943e-05 5.98e-05 5.601e-05 5.74e-05	
20190610 000000 5.768e-05 6.07e-05 5.54e-05 5.95e-05	
20190609 000000 5.32e-05 5.927e-05 5.292e-05 5.755e-05	
20190608 000000 5.148e-05 5.343e-05 5.013e-05 5.283e-05	
20190607 000000 5.096e-05 5.211e-05 5e-05 5.148e-05	
20190606 000000 5.121e-05 5.21e-05 5.051e-05 5.096e-05	
20190605 000000 5.108e-05 5.177e-05 4.9e-05 5.116e-05	
20190604 000000 4.965e-05 5.258e-05 4.789e-05 5.12e-05	
20190603 000000 5.215e-05 5.265e-05 4.87e-05 4.964e-05	
20190602 000000 5.21e-05 5.316e-05 5.117e-05 5.215e-05	
20190601 000000 5.295e-05 5.447e-05 5.182e-05 5.209e-05	
20190531 000000 5.422e-05 5.767e-05 5.117e-05 5.304e-05	
20190530 000000 5.561e-05 5.618e-05 5.229e-05 5.433e-05	
20190529 000000 5.57e-05 5.619e-05 5.378e-05 5.564e-05	
20190528 000000 5.759e-05 5.782e-05 5.432e-05 5.57e-05	
20190527 000000 6.162e-05 6.188e-05 5.568e-05 5.744e-05	
20190526 000000 6.364e-05 6.616e-05 5.807e-05 6.172e-05	
20190525 000000 5.552e-05 6.457e-05 5.538e-05 6.357e-05	
20190524 000000 5.525e-05 5.843e-05 5.464e-05 5.546e-05	
20190523 000000 5.536e-05 5.975e-05 5.402e-05 5.515e-05	
20190522 000000 5.442e-05 5.774e-05 5.25e-05 5.518e-05	
20190521 000000 4.953e-05 5.643e-05 4.87e-05 5.457e-05	
20190520 000000 5.071e-05 5.194e-05 4.944e-05 4.955e-05	
20190519 000000 5.265e-05 5.713e-05 5.019e-05 5.074e-05	
20190518 000000 5.315e-05 5.499e-05 5.029e-05 5.257e-05	
20190517 000000 5.24e-05 5.463e-05 5.018e-05 5.321e-05	
20190516 000000 5.9e-05 6.1e-05 5.121e-05 5.25e-05	
20190515 000000 6.083e-05 6.259e-05 5.62e-05 5.94e-05	
20190514 000000 6.133e-05 6.14e-05 5.7e-05 6.103e-05	
20190513 000000 6.021e-05 6.18e-05 5.885e-05 6.134e-05	
