20190611 000000 0.000433 0.000444 0.000408 0.000424	
20190610 000000 0.000443 0.000461 0.000425 0.000433	
20190609 000000 0.000433 0.000448 0.000422 0.000443	
20190608 000000 0.000434 0.000438 0.000411 0.000436	
20190607 000000 0.000419 0.000439 0.000401 0.000435	
20190606 000000 0.000407 0.000426 0.0004 0.000419	
20190605 000000 0.000417 0.000429 0.000401 0.000408	
20190604 000000 0.000409 0.000432 0.000405 0.000414	
20190603 000000 0.000416 0.000433 0.000401 0.000409	
20190602 000000 0.000421 0.000441 0.000389 0.000416	
20190601 000000 0.000415 0.000429 0.000389 0.000421	
20190531 000000 0.000392 0.00043 0.000385 0.000415	
20190530 000000 0.000412 0.000422 0.000376 0.000392	
20190529 000000 0.000424 0.000472 0.000407 0.000412	
20190528 000000 0.000423 0.000449 0.000403 0.000417	
20190527 000000 0.000475 0.000475 0.000403 0.000424	
20190526 000000 0.000468 0.000477 0.000441 0.000472	
20190525 000000 0.000467 0.000489 0.00042 0.000468	
20190524 000000 0.000456 0.000584 0.000442 0.000468	
20190523 000000 0.000424 0.00048 0.000396 0.000455	
20190522 000000 0.00041 0.000424 0.00038 0.000423	
20190521 000000 0.000396 0.000421 0.000385 0.000407	
20190520 000000 0.000401 0.000449 0.00038 0.000394	
20190519 000000 0.000429 0.000448 0.00039 0.000403	
20190518 000000 0.000479 0.000481 0.000396 0.000429	
20190517 000000 0.000462 0.000493 0.00042 0.000478	
20190516 000000 0.000542 0.000542 0.00046 0.000462	
20190515 000000 0.000555 0.000573 0.000496 0.000542	
20190514 000000 0.000624 0.00063 0.000541 0.000559	
20190513 000000 0.000605 0.000649 0.000581 0.000627	
