20190611 000000 1.284e-05 1.307e-05 1.27e-05 1.295e-05	
20190610 000000 1.307e-05 1.321e-05 1.28e-05 1.283e-05	
20190609 000000 1.297e-05 1.33e-05 1.295e-05 1.307e-05	
20190608 000000 1.294e-05 1.338e-05 1.278e-05 1.297e-05	
20190607 000000 1.251e-05 1.315e-05 1.221e-05 1.292e-05	
20190606 000000 1.269e-05 1.283e-05 1.245e-05 1.251e-05	
20190605 000000 1.311e-05 1.326e-05 1.268e-05 1.268e-05	
20190604 000000 1.324e-05 1.377e-05 1.26e-05 1.311e-05	
20190603 000000 1.333e-05 1.343e-05 1.311e-05 1.324e-05	
20190602 000000 1.335e-05 1.36e-05 1.312e-05 1.332e-05	
20190601 000000 1.304e-05 1.373e-05 1.278e-05 1.336e-05	
20190531 000000 1.299e-05 1.38e-05 1.28e-05 1.302e-05	
20190530 000000 1.296e-05 1.404e-05 1.27e-05 1.299e-05	
20190529 000000 1.318e-05 1.346e-05 1.276e-05 1.295e-05	
20190528 000000 1.319e-05 1.371e-05 1.3e-05 1.318e-05	
20190527 000000 1.397e-05 1.416e-05 1.3e-05 1.319e-05	
20190526 000000 1.328e-05 1.49e-05 1.326e-05 1.398e-05	
20190525 000000 1.343e-05 1.357e-05 1.289e-05 1.328e-05	
20190524 000000 1.357e-05 1.375e-05 1.338e-05 1.343e-05	
20190523 000000 1.333e-05 1.389e-05 1.319e-05 1.355e-05	
20190522 000000 1.374e-05 1.382e-05 1.316e-05 1.332e-05	
20190521 000000 1.331e-05 1.419e-05 1.296e-05 1.369e-05	
20190520 000000 1.311e-05 1.344e-05 1.279e-05 1.33e-05	
20190519 000000 1.337e-05 1.361e-05 1.287e-05 1.312e-05	
20190518 000000 1.31e-05 1.401e-05 1.297e-05 1.339e-05	
20190517 000000 1.316e-05 1.401e-05 1.258e-05 1.306e-05	
20190516 000000 1.365e-05 1.508e-05 1.3e-05 1.309e-05	
20190515 000000 1.446e-05 1.493e-05 1.337e-05 1.364e-05	
20190514 000000 1.508e-05 1.544e-05 1.392e-05 1.445e-05	
20190513 000000 1.526e-05 1.63e-05 1.477e-05 1.508e-05	
