20190611 000000 3.485e-05 3.96e-05 3.395e-05 3.587e-05	
20190610 000000 3.428e-05 3.8e-05 3.395e-05 3.485e-05	
20190609 000000 3.655e-05 3.8e-05 3.368e-05 3.425e-05	
20190608 000000 3.443e-05 3.99e-05 3.421e-05 3.66e-05	
20190607 000000 3.694e-05 3.714e-05 3.304e-05 3.44e-05	
20190606 000000 3.258e-05 3.849e-05 3.206e-05 3.689e-05	
20190605 000000 3.182e-05 3.318e-05 3.101e-05 3.258e-05	
20190604 000000 3.074e-05 3.237e-05 3.05e-05 3.187e-05	
20190603 000000 3.083e-05 3.2e-05 2.938e-05 3.074e-05	
20190602 000000 3.105e-05 3.13e-05 3.041e-05 3.083e-05	
20190601 000000 3.073e-05 3.12e-05 3e-05 3.106e-05	
20190531 000000 3.036e-05 3.278e-05 2.968e-05 3.08e-05	
20190530 000000 3.137e-05 3.271e-05 2.858e-05 3.026e-05	
20190529 000000 3.04e-05 3.367e-05 2.983e-05 3.121e-05	
20190528 000000 3.096e-05 3.248e-05 2.8e-05 3.044e-05	
20190527 000000 2.972e-05 3.723e-05 2.961e-05 3.085e-05	
20190526 000000 2.992e-05 3.089e-05 2.9e-05 2.966e-05	
20190525 000000 3.011e-05 3.121e-05 2.821e-05 2.98e-05	
20190524 000000 3.16e-05 3.25e-05 2.851e-05 3.011e-05	
20190523 000000 2.926e-05 3.207e-05 2.879e-05 3.157e-05	
20190522 000000 3.202e-05 3.249e-05 2.839e-05 2.922e-05	
20190521 000000 3.437e-05 3.603e-05 2.98e-05 3.198e-05	
20190520 000000 3.476e-05 3.739e-05 3.068e-05 3.437e-05	
20190519 000000 3.387e-05 5.4e-05 3.376e-05 3.474e-05	
20190518 000000 3.714e-05 3.932e-05 3.248e-05 3.402e-05	
20190517 000000 3.101e-05 4e-05 3.06e-05 3.721e-05	
20190516 000000 3.424e-05 4e-05 3e-05 3.084e-05	
20190515 000000 3.603e-05 3.893e-05 3.248e-05 3.433e-05	
20190514 000000 3.76e-05 3.783e-05 3.332e-05 3.601e-05	
20190513 000000 4.24e-05 4.55e-05 3.665e-05 3.773e-05	
