20190611 000000 1.6822e-05 1.71e-05 1.5843e-05 1.6284e-05	
20190610 000000 1.61502e-05 2.08037e-05 1.6046e-05 1.6811e-05	
20190609 000000 1.643e-05 1.73e-05 1.55047e-05 1.6076e-05	
20190608 000000 1.7146e-05 1.7412e-05 1.523e-05 1.6429e-05	
20190607 000000 1.7076e-05 2.02567e-05 1.61787e-05 1.7134e-05	
20190606 000000 1.4271e-05 1.942e-05 1.29111e-05 1.7056e-05	
20190605 000000 1.6308e-05 1.66288e-05 1.37438e-05 1.41954e-05	
20190604 000000 1.7701e-05 1.7727e-05 1.50231e-05 1.6308e-05	
20190603 000000 1.8793e-05 1.88226e-05 1.62215e-05 1.675e-05	
20190602 000000 1.953e-05 1.9534e-05 1.87e-05 1.8793e-05	
20190601 000000 1.9186e-05 1.9829e-05 1.83e-05 1.9524e-05	
20190531 000000 1.9009e-05 2.1e-05 1.8938e-05 1.9184e-05	
20190530 000000 1.85938e-05 2.03571e-05 1.82408e-05 1.9007e-05	
20190529 000000 1.9365e-05 1.97649e-05 1.83334e-05 1.85937e-05	
20190528 000000 1.9299e-05 2.04987e-05 1.83e-05 1.9365e-05	
20190527 000000 2.06886e-05 2.27705e-05 1.9e-05 1.929e-05	
20190526 000000 2.1065e-05 2.11949e-05 1.958e-05 2.06887e-05	
20190525 000000 1.9293e-05 2.55e-05 1.9e-05 2.106e-05	
20190524 000000 2.0618e-05 2.15409e-05 1.90504e-05 1.9293e-05	
20190523 000000 2.0291e-05 2.18486e-05 1.98514e-05 2.0618e-05	
20190522 000000 2.10813e-05 2.20317e-05 1.96679e-05 2.0324e-05	
20190521 000000 2.06662e-05 2.32979e-05 1.90787e-05 2.10819e-05	
20190520 000000 2.30378e-05 2.32813e-05 1.95454e-05 2.06662e-05	
20190519 000000 2.58214e-05 2.60664e-05 2.25456e-05 2.30379e-05	
20190518 000000 2.74421e-05 2.74421e-05 2.41826e-05 2.58213e-05	
20190517 000000 2.4413e-05 2.96204e-05 2.2264e-05 2.74422e-05	
20190516 000000 2.97438e-05 3.40003e-05 2.378e-05 2.4408e-05	
20190515 000000 2.32329e-05 3.06789e-05 2.30055e-05 2.97439e-05	
20190514 000000 3.00087e-05 3.00087e-05 2.2e-05 2.32329e-05	
20190513 000000 3.4615e-05 3.6e-05 2.81181e-05 3.00088e-05	
