20190611 000000 3.91e-05 4.012e-05 3.804e-05 3.941e-05	
20190610 000000 3.929e-05 3.949e-05 3.708e-05 3.901e-05	
20190609 000000 3.76e-05 3.936e-05 3.738e-05 3.896e-05	
20190608 000000 3.857e-05 3.888e-05 3.696e-05 3.764e-05	
20190607 000000 3.671e-05 3.891e-05 3.636e-05 3.852e-05	
20190606 000000 3.656e-05 3.757e-05 3.563e-05 3.669e-05	
20190605 000000 3.475e-05 3.758e-05 3.459e-05 3.654e-05	
20190604 000000 3.623e-05 3.679e-05 3.375e-05 3.467e-05	
20190603 000000 3.839e-05 4.018e-05 3.526e-05 3.622e-05	
20190602 000000 3.887e-05 4.077e-05 3.764e-05 3.834e-05	
20190601 000000 3.949e-05 3.96e-05 3.721e-05 3.892e-05	
20190531 000000 3.901e-05 4.198e-05 3.701e-05 3.946e-05	
20190530 000000 3.837e-05 4.029e-05 3.572e-05 3.911e-05	
20190529 000000 3.946e-05 4.04e-05 3.689e-05 3.837e-05	
20190528 000000 4.016e-05 4.051e-05 3.811e-05 3.939e-05	
20190527 000000 4.149e-05 4.294e-05 3.878e-05 4.015e-05	
20190526 000000 4.172e-05 4.298e-05 4.08e-05 4.134e-05	
20190525 000000 4.223e-05 4.275e-05 4.026e-05 4.173e-05	
20190524 000000 4.251e-05 4.477e-05 4.077e-05 4.223e-05	
20190523 000000 3.906e-05 4.266e-05 3.84e-05 4.25e-05	
20190522 000000 4.019e-05 4.173e-05 3.8e-05 3.931e-05	
20190521 000000 4.043e-05 4.219e-05 3.936e-05 4.023e-05	
20190520 000000 4.11e-05 4.263e-05 3.973e-05 4.077e-05	
20190519 000000 4.37e-05 4.495e-05 4.019e-05 4.12e-05	
20190518 000000 4.443e-05 4.551e-05 4.144e-05 4.371e-05	
20190517 000000 3.802e-05 4.95e-05 3.802e-05 4.432e-05	
20190516 000000 4.35e-05 4.579e-05 3.8e-05 3.802e-05	
20190515 000000 4.657e-05 4.717e-05 4.256e-05 4.372e-05	
20190514 000000 4.634e-05 4.784e-05 4.161e-05 4.664e-05	
20190513 000000 5.004e-05 5.154e-05 4.52e-05 4.633e-05	
