20190611 000000 0.00016568 0.00016905 0.00015934 0.00016045	
20190610 000000 0.00017034 0.000173 0.00016201 0.00016569	
20190609 000000 0.00016701 0.00017344 0.00016296 0.00017048	
20190608 000000 0.00015983 0.00016796 0.00015893 0.0001668	
20190607 000000 0.00016215 0.0001664 0.00015509 0.00015983	
20190606 000000 0.00015154 0.00018983 0.00015153 0.00016227	
20190605 000000 0.00015656 0.00015795 0.00014657 0.00015143	
20190604 000000 0.00014903 0.00016726 0.00014161 0.00015706	
20190603 000000 0.00015331 0.00015503 0.00014806 0.00014881	
20190602 000000 0.00015622 0.00015945 0.00015249 0.00015318	
20190601 000000 0.00015834 0.00015976 0.00015071 0.00015652	
20190531 000000 0.00015421 0.00017016 0.00015378 0.00015826	
20190530 000000 0.00015856 0.00016131 0.00015112 0.00015368	
20190529 000000 0.00016344 0.00016687 0.00015787 0.00015894	
20190528 000000 0.00016204 0.00016757 0.00015455 0.00016331	
20190527 000000 0.00017396 0.00017612 0.00015282 0.00016204	
20190526 000000 0.0001682 0.00017563 0.000167 0.00017357	
20190525 000000 0.0001678 0.0001793 0.00016101 0.00016808	
20190524 000000 0.00017022 0.00023602 0.00016506 0.00016801	
20190523 000000 0.00017353 0.00018041 0.0001575 0.00016966	
20190522 000000 0.00016265 0.00017361 0.00015162 0.00017353	
20190521 000000 0.00015914 0.00016401 0.00015171 0.00016216	
20190520 000000 0.00015834 0.00016743 0.00015573 0.00015961	
20190519 000000 0.00017344 0.0001774 0.00015025 0.00015819	
20190518 000000 0.00017838 0.00017904 0.00016539 0.00017327	
20190517 000000 0.00015054 0.00019109 0.00015025 0.00017836	
20190516 000000 0.00017803 0.0001807 0.00015 0.0001508	
20190515 000000 0.00019565 0.00020124 0.00017803 0.00017853	
20190514 000000 0.00022505 0.00022505 0.00018323 0.00019566	
20190513 000000 0.0002226 0.00023177 0.00021443 0.00022505	
