20190611 000000 2.44e-05 2.677e-05 2.424e-05 2.541e-05	
20190610 000000 2.409e-05 2.524e-05 2.381e-05 2.44e-05	
20190609 000000 2.282e-05 2.442e-05 2.25e-05 2.413e-05	
20190608 000000 2.319e-05 2.378e-05 2.205e-05 2.284e-05	
20190607 000000 2.351e-05 2.381e-05 2.254e-05 2.313e-05	
20190606 000000 2.35e-05 2.391e-05 2.289e-05 2.365e-05	
20190605 000000 2.382e-05 2.401e-05 2.275e-05 2.346e-05	
20190604 000000 2.323e-05 2.462e-05 2.181e-05 2.383e-05	
20190603 000000 2.397e-05 2.404e-05 2.267e-05 2.322e-05	
20190602 000000 2.41e-05 2.434e-05 2.36e-05 2.4e-05	
20190601 000000 2.482e-05 2.488e-05 2.321e-05 2.408e-05	
20190531 000000 2.421e-05 2.601e-05 2.346e-05 2.473e-05	
20190530 000000 2.398e-05 2.51e-05 2.268e-05 2.421e-05	
20190529 000000 2.457e-05 2.539e-05 2.341e-05 2.398e-05	
20190528 000000 2.598e-05 2.619e-05 2.415e-05 2.459e-05	
20190527 000000 2.638e-05 3.178e-05 2.477e-05 2.604e-05	
20190526 000000 2.43e-05 2.692e-05 2.39e-05 2.633e-05	
20190525 000000 2.334e-05 2.51e-05 2.285e-05 2.441e-05	
20190524 000000 2.326e-05 2.414e-05 2.222e-05 2.33e-05	
20190523 000000 2.309e-05 2.447e-05 2.096e-05 2.327e-05	
20190522 000000 2.368e-05 2.446e-05 2.26e-05 2.309e-05	
20190521 000000 2.3e-05 2.481e-05 2.29e-05 2.363e-05	
20190520 000000 2.32e-05 2.358e-05 2.251e-05 2.305e-05	
20190519 000000 2.4e-05 2.462e-05 2.291e-05 2.317e-05	
20190518 000000 2.382e-05 2.492e-05 2.306e-05 2.405e-05	
20190517 000000 2.357e-05 2.508e-05 2.234e-05 2.374e-05	
20190516 000000 2.682e-05 2.916e-05 2.295e-05 2.36e-05	
20190515 000000 2.791e-05 3.12e-05 2.5e-05 2.681e-05	
20190514 000000 2.703e-05 3.02e-05 2.557e-05 2.76e-05	
20190513 000000 2.813e-05 2.911e-05 2.636e-05 2.703e-05	
