20190611 000000 0.00011163 0.00013023 0.00011002 0.00011961	
20190610 000000 0.00011294 0.00011763 0.00011063 0.00011179	
20190609 000000 0.00011378 0.0001184 0.00011089 0.00011299	
20190608 000000 0.00010532 0.00012049 0.00010381 0.00011338	
20190607 000000 0.00010063 0.00011045 9.895e-05 0.00010524	
20190606 000000 9.837e-05 0.00010358 9.682e-05 0.0001001	
20190605 000000 9.935e-05 0.00010357 9.818e-05 9.825e-05	
20190604 000000 0.00010191 0.00010345 9.694e-05 9.899e-05	
20190603 000000 0.00010199 0.00010342 9.889e-05 0.00010192	
20190602 000000 0.00010216 0.00010525 9.844e-05 0.00010201	
20190601 000000 0.00010231 0.00010487 9.846e-05 0.00010215	
20190531 000000 0.00010491 0.00011322 0.00010018 0.00010235	
20190530 000000 0.0001064 0.00010888 0.00010067 0.00010437	
20190529 000000 0.00010832 0.00011168 0.00010416 0.00010638	
20190528 000000 0.00010682 0.00011427 0.00010357 0.00010836	
20190527 000000 0.00011669 0.000122 0.00010382 0.00010668	
20190526 000000 0.00011343 0.00012689 0.000111 0.0001167	
20190525 000000 0.00010785 0.00011586 0.00010602 0.00011367	
20190524 000000 0.00010755 0.00011521 0.00010533 0.00010781	
20190523 000000 0.00010627 0.00011493 0.00010249 0.00010774	
20190522 000000 0.00010556 0.00011999 0.00010089 0.00010624	
20190521 000000 0.00010077 0.00010986 9.767e-05 0.00010523	
20190520 000000 0.00010396 0.00010546 9.618e-05 0.00010045	
20190519 000000 0.00010299 0.00010866 9.404e-05 0.00010349	
20190518 000000 0.00010772 0.00011122 9.535e-05 0.00010244	
20190517 000000 9.303e-05 0.00011773 9.034e-05 0.00010737	
20190516 000000 0.00010587 0.00011109 9.15e-05 9.28e-05	
20190515 000000 0.00011617 0.0001166 0.00010021 0.00010557	
20190514 000000 0.00011266 0.00012317 0.00010739 0.00011642	
20190513 000000 0.00011906 0.00012176 0.00011198 0.00011274	
