20190611 000000 3.83e-06 4.66e-06 3.7e-06 4.3e-06	
20190610 000000 3.87e-06 4.13e-06 3.66e-06 3.83e-06	
20190609 000000 3.95e-06 4.24e-06 3.62e-06 3.87e-06	
20190608 000000 4.46e-06 4.46e-06 3.85e-06 3.93e-06	
20190607 000000 4.87e-06 4.89e-06 4.1e-06 4.46e-06	
20190606 000000 3.42e-06 4.95e-06 3.29e-06 4.9e-06	
20190605 000000 3.32e-06 3.54e-06 3.28e-06 3.39e-06	
20190604 000000 3.37e-06 3.4e-06 3.25e-06 3.33e-06	
20190603 000000 3.41e-06 3.54e-06 3.33e-06 3.37e-06	
20190602 000000 3.48e-06 3.53e-06 3.2e-06 3.41e-06	
20190601 000000 3.3e-06 3.58e-06 3.3e-06 3.48e-06	
20190531 000000 3.38e-06 3.6e-06 3.11e-06 3.3e-06	
20190530 000000 3.42e-06 3.54e-06 3.19e-06 3.38e-06	
20190529 000000 3.52e-06 3.83e-06 3.34e-06 3.41e-06	
20190528 000000 3.49e-06 3.84e-06 3.08e-06 3.52e-06	
20190527 000000 4.01e-06 4.05e-06 3.43e-06 3.47e-06	
20190526 000000 4.17e-06 4.18e-06 3.84e-06 4.01e-06	
20190525 000000 3.71e-06 4.4e-06 3.64e-06 4.17e-06	
20190524 000000 6.22e-06 6.23e-06 3.65e-06 3.74e-06	
20190523 000000 6.64e-06 7.28e-06 5.89e-06 6.22e-06	
20190522 000000 7.24e-06 7.89e-06 6.54e-06 6.66e-06	
20190521 000000 7.85e-06 7.94e-06 6.32e-06 7.25e-06	
20190520 000000 7.57e-06 8.35e-06 7e-06 7.85e-06	
20190519 000000 6.74e-06 8.49e-06 5.77e-06 7.68e-06	
20190518 000000 4.62e-06 7.58e-06 4.13e-06 6.74e-06	
20190517 000000 2.95e-06 4.74e-06 2.81e-06 4.64e-06	
20190516 000000 3.27e-06 3.38e-06 2.72e-06 2.95e-06	
20190515 000000 3.95e-06 4.4e-06 3.12e-06 3.27e-06	
20190514 000000 3.1e-06 4.25e-06 2.6e-06 3.93e-06	
20190513 000000 3.39e-06 3.53e-06 3.01e-06 3.1e-06	
