20190611 000000 0.001684 0.001777 0.001644 0.001768	
20190610 000000 0.001647 0.001758 0.001612 0.001684	
20190609 000000 0.001593 0.001804 0.001582 0.001648	
20190608 000000 0.001499 0.00166 0.001471 0.001596	
20190607 000000 0.001449 0.001531 0.00142 0.001496	
20190606 000000 0.001451 0.001468 0.001434 0.001445	
20190605 000000 0.001477 0.001496 0.001432 0.001446	
20190604 000000 0.001526 0.001539 0.001447 0.001473	
20190603 000000 0.001537 0.00154 0.001486 0.001512	
20190602 000000 0.001478 0.001541 0.00147 0.001533	
20190601 000000 0.001513 0.001522 0.001459 0.001485	
20190531 000000 0.001493 0.001591 0.001475 0.001514	
20190530 000000 0.001537 0.001556 0.001464 0.001491	
20190529 000000 0.001546 0.001601 0.001519 0.001536	
20190528 000000 0.001567 0.00163 0.001516 0.001546	
20190527 000000 0.001573 0.001634 0.001461 0.001563	
20190526 000000 0.001543 0.00164 0.001537 0.001572	
20190525 000000 0.001568 0.001634 0.001508 0.001544	
20190524 000000 0.001579 0.001661 0.0015 0.001564	
20190523 000000 0.001514 0.001725 0.001497 0.001582	
20190522 000000 0.001484 0.001584 0.001472 0.001515	
20190521 000000 0.001421 0.001566 0.001384 0.001484	
20190520 000000 0.001427 0.001455 0.001392 0.001421	
20190519 000000 0.00147 0.001515 0.00142 0.001427	
20190518 000000 0.001464 0.001495 0.001424 0.001471	
20190517 000000 0.001443 0.001491 0.0014 0.001464	
20190516 000000 0.001586 0.001682 0.001429 0.001444	
20190515 000000 0.001673 0.001689 0.001553 0.001593	
20190514 000000 0.001639 0.001799 0.001571 0.00168	
20190513 000000 0.001673 0.00172 0.001605 0.001639	
