20190611 000000 2.398e-05 2.441e-05 1.93e-05 2.288e-05	
20190610 000000 2.543e-05 3.102e-05 2.25e-05 2.404e-05	
20190609 000000 2.296e-05 3.174e-05 2.26e-05 2.543e-05	
20190608 000000 2.284e-05 2.311e-05 2.156e-05 2.296e-05	
20190607 000000 2.266e-05 2.356e-05 2.19e-05 2.272e-05	
20190606 000000 2.089e-05 2.289e-05 2.042e-05 2.281e-05	
20190605 000000 2.099e-05 2.121e-05 2.006e-05 2.091e-05	
20190604 000000 2.227e-05 2.3e-05 1.977e-05 2.1e-05	
20190603 000000 2.253e-05 2.263e-05 2.145e-05 2.227e-05	
20190602 000000 2.226e-05 2.32e-05 2.191e-05 2.249e-05	
20190601 000000 2.227e-05 2.391e-05 2.086e-05 2.228e-05	
20190531 000000 2.15e-05 2.296e-05 2.113e-05 2.191e-05	
20190530 000000 2.214e-05 2.28e-05 2.039e-05 2.143e-05	
20190529 000000 2.32e-05 2.358e-05 2.155e-05 2.22e-05	
20190528 000000 2.285e-05 2.339e-05 2.16e-05 2.32e-05	
20190527 000000 2.545e-05 2.609e-05 2.253e-05 2.283e-05	
20190526 000000 2.585e-05 2.592e-05 2.391e-05 2.545e-05	
20190525 000000 2.651e-05 2.966e-05 2.356e-05 2.581e-05	
20190524 000000 2.731e-05 3.325e-05 2.373e-05 2.648e-05	
20190523 000000 2.279e-05 3.068e-05 2.257e-05 2.729e-05	
20190522 000000 2.429e-05 2.435e-05 2.151e-05 2.282e-05	
20190521 000000 2.535e-05 2.638e-05 2.339e-05 2.426e-05	
20190520 000000 2.321e-05 2.613e-05 2.25e-05 2.555e-05	
20190519 000000 2.549e-05 2.669e-05 2.201e-05 2.32e-05	
20190518 000000 2.622e-05 2.628e-05 2.269e-05 2.553e-05	
20190517 000000 2.308e-05 2.859e-05 2.308e-05 2.623e-05	
20190516 000000 2.624e-05 2.682e-05 2.275e-05 2.33e-05	
20190515 000000 2.817e-05 2.82e-05 2.442e-05 2.613e-05	
20190514 000000 3.11e-05 3.52e-05 2.558e-05 2.805e-05	
20190513 000000 3.381e-05 3.401e-05 2.892e-05 3.127e-05	
