20190611 000000 1.033e-05 1.178e-05 1.004e-05 1.023e-05	
20190610 000000 1.042e-05 1.101e-05 9.99e-06 1.034e-05	
20190609 000000 9.95e-06 1.15e-05 9.93e-06 1.041e-05	
20190608 000000 1.002e-05 1.03e-05 9.62e-06 9.95e-06	
20190607 000000 1.038e-05 1.047e-05 9.88e-06 1.001e-05	
20190606 000000 9.65e-06 1.053e-05 9.31e-06 1.037e-05	
20190605 000000 9.32e-06 1.15e-05 9.25e-06 9.63e-06	
20190604 000000 9.87e-06 1.005e-05 9.11e-06 9.29e-06	
20190603 000000 1.066e-05 1.072e-05 9.76e-06 9.91e-06	
20190602 000000 1.072e-05 1.1e-05 1.031e-05 1.067e-05	
20190601 000000 1.087e-05 1.108e-05 1.047e-05 1.071e-05	
20190531 000000 1.089e-05 1.142e-05 1.043e-05 1.086e-05	
20190530 000000 1.13e-05 1.145e-05 1.068e-05 1.088e-05	
20190529 000000 1.146e-05 1.179e-05 1.116e-05 1.13e-05	
20190528 000000 1.162e-05 1.17e-05 1.095e-05 1.146e-05	
20190527 000000 1.189e-05 1.2e-05 1.131e-05 1.163e-05	
20190526 000000 1.178e-05 1.21e-05 1.17e-05 1.189e-05	
20190525 000000 1.219e-05 1.227e-05 1.162e-05 1.179e-05	
20190524 000000 1.208e-05 1.221e-05 1.162e-05 1.22e-05	
20190523 000000 1.193e-05 1.249e-05 1.16e-05 1.207e-05	
20190522 000000 1.234e-05 1.25e-05 1.158e-05 1.194e-05	
20190521 000000 1.158e-05 1.255e-05 1.137e-05 1.234e-05	
20190520 000000 1.205e-05 1.254e-05 1.136e-05 1.158e-05	
20190519 000000 1.236e-05 1.267e-05 1.16e-05 1.205e-05	
20190518 000000 1.279e-05 1.279e-05 1.188e-05 1.236e-05	
20190517 000000 1.172e-05 1.397e-05 1.047e-05 1.278e-05	
20190516 000000 1.214e-05 1.291e-05 1.122e-05 1.172e-05	
20190515 000000 1.324e-05 1.346e-05 1.186e-05 1.223e-05	
20190514 000000 1.435e-05 1.462e-05 1.274e-05 1.324e-05	
20190513 000000 1.505e-05 1.538e-05 1.433e-05 1.436e-05	
