20190611 000000 0.00056793 0.00060224 0.00056715 0.00058901	
20190610 000000 0.00056542 0.00058163 0.00055314 0.00056741	
20190609 000000 0.00054038 0.000597 0.0005383 0.00056497	
20190608 000000 0.00053674 0.00054947 0.0005286 0.00054034	
20190607 000000 0.00052629 0.00054641 0.00052244 0.00053707	
20190606 000000 0.00051526 0.00056486 0.0005116 0.00052725	
20190605 000000 0.00051761 0.00054018 0.00049802 0.00051562	
20190604 000000 0.00051777 0.00054379 0.00049961 0.00051761	
20190603 000000 0.00052194 0.00053642 0.00050267 0.0005174	
20190602 000000 0.00048657 0.00054555 0.0004852 0.00052198	
20190601 000000 0.00051402 0.00052128 0.00048107 0.00048615	
20190531 000000 0.00050517 0.00053913 0.00050037 0.0005144	
20190530 000000 0.0005474 0.00061181 0.00050509 0.00050619	
20190529 000000 0.0004835 0.00061401 0.00047145 0.00054768	
20190528 000000 0.00047644 0.00050115 0.00045893 0.0004835	
20190527 000000 0.000503 0.0005033 0.00045075 0.00047644	
20190526 000000 0.0005118 0.0005507 0.00048905 0.00050287	
20190525 000000 0.00049326 0.00054329 0.00047288 0.00051203	
20190524 000000 0.00044043 0.00059 0.00043422 0.00049386	
20190523 000000 0.00044237 0.00045734 0.00042666 0.00043988	
20190522 000000 0.00046213 0.00046316 0.00044077 0.00044221	
20190521 000000 0.0004535 0.00047909 0.00043666 0.00046241	
20190520 000000 0.00046473 0.00046966 0.00044314 0.00045394	
20190519 000000 0.00049176 0.00051924 0.00045732 0.00046421	
20190518 000000 0.00047677 0.00050835 0.00046317 0.00049164	
20190517 000000 0.00042094 0.00048738 0.00039934 0.00047781	
20190516 000000 0.00048244 0.00049205 0.00041879 0.00041909	
20190515 000000 0.00046544 0.00053097 0.00045025 0.00048338	
20190514 000000 0.00046878 0.00047249 0.00039538 0.00046327	
20190513 000000 0.00046525 0.00051491 0.00044384 0.00046875	
