20190611 000000 2.056e-05 2.089e-05 1.967e-05 2.058e-05	
20190610 000000 2.018e-05 2.086e-05 1.924e-05 2.058e-05	
20190609 000000 2.048e-05 2.195e-05 1.986e-05 2.013e-05	
20190608 000000 2e-05 2.064e-05 1.951e-05 2.04e-05	
20190607 000000 1.891e-05 2.08e-05 1.865e-05 2.004e-05	
20190606 000000 1.818e-05 1.955e-05 1.77e-05 1.888e-05	
20190605 000000 1.855e-05 1.881e-05 1.8e-05 1.817e-05	
20190604 000000 1.912e-05 1.959e-05 1.804e-05 1.856e-05	
20190603 000000 1.892e-05 1.936e-05 1.833e-05 1.918e-05	
20190602 000000 1.882e-05 1.943e-05 1.852e-05 1.892e-05	
20190601 000000 1.935e-05 1.945e-05 1.836e-05 1.878e-05	
20190531 000000 1.936e-05 2.023e-05 1.914e-05 1.925e-05	
20190530 000000 2.12e-05 2.154e-05 1.883e-05 1.926e-05	
20190529 000000 1.925e-05 2.19e-05 1.846e-05 2.101e-05	
20190528 000000 1.864e-05 1.996e-05 1.8e-05 1.937e-05	
20190527 000000 2.078e-05 2.09e-05 1.811e-05 1.869e-05	
20190526 000000 2.06e-05 2.184e-05 2.034e-05 2.078e-05	
20190525 000000 2.141e-05 2.145e-05 2.016e-05 2.06e-05	
20190524 000000 2.185e-05 2.257e-05 2.081e-05 2.126e-05	
20190523 000000 2.243e-05 2.289e-05 2.085e-05 2.176e-05	
20190522 000000 2.131e-05 2.291e-05 1.939e-05 2.181e-05	
20190521 000000 2.21e-05 2.266e-05 1.9e-05 2.14e-05	
20190520 000000 2.237e-05 2.289e-05 2.15e-05 2.199e-05	
20190519 000000 2.347e-05 2.405e-05 2.144e-05 2.231e-05	
20190518 000000 2.099e-05 2.41e-05 2.059e-05 2.335e-05	
20190517 000000 2.071e-05 2.178e-05 1.955e-05 2.107e-05	
20190516 000000 2.351e-05 2.365e-05 2.022e-05 2.051e-05	
20190515 000000 2.264e-05 2.54e-05 2.117e-05 2.336e-05	
20190514 000000 2.444e-05 2.448e-05 2.162e-05 2.264e-05	
20190513 000000 2.324e-05 2.6e-05 2.273e-05 2.439e-05	
