20190611 000000 0.00013734 0.00015511 0.00013148 0.00014254	
20190610 000000 0.00013988 0.0001439 0.00013236 0.00013804	
20190609 000000 0.00016198 0.00016546 0.00013611 0.00013988	
20190608 000000 0.00012585 0.00016801 0.00012058 0.00016343	
20190607 000000 0.00011867 0.0001282 0.0001153 0.0001242	
20190606 000000 0.00011869 0.0001252 0.00011713 0.00011887	
20190605 000000 0.00011289 0.00013329 0.00011009 0.0001183	
20190604 000000 0.00011835 0.00011976 0.00011023 0.00011348	
20190603 000000 0.00013737 0.00013991 0.00011365 0.00011822	
20190602 000000 0.00011729 0.00014289 0.00011256 0.00014021	
20190601 000000 0.00011932 0.00012801 0.00010826 0.00011671	
20190531 000000 0.00010866 0.00013169 0.00010859 0.00012074	
20190530 000000 0.00011806 0.00013446 0.0001077 0.00010866	
20190529 000000 0.00012857 0.00013519 0.00011575 0.0001189	
20190528 000000 0.00010765 0.00014779 0.00010532 0.00012917	
20190527 000000 0.00012611 0.00013201 0.00010565 0.00010764	
20190526 000000 0.00012594 0.00013239 0.00011787 0.0001262	
20190525 000000 0.00012394 0.0001435 0.00012033 0.0001267	
20190524 000000 0.00016392 0.00017407 0.00011365 0.00012288	
20190523 000000 0.00016866 0.0002 0.0001307 0.00016382	
20190522 000000 7.955e-05 0.00025001 7.845e-05 0.00017157	
20190521 000000 8.05e-05 8.6e-05 7.297e-05 7.976e-05	
20190520 000000 7.923e-05 8.253e-05 7.17e-05 8.189e-05	
20190519 000000 7.959e-05 8.503e-05 7.286e-05 8.149e-05	
20190518 000000 7.855e-05 8.538e-05 7.483e-05 7.777e-05	
20190517 000000 7.341e-05 8.841e-05 6.824e-05 7.903e-05	
20190516 000000 8.529e-05 8.983e-05 7.042e-05 7.187e-05	
20190515 000000 8.731e-05 9.019e-05 7.629e-05 8.259e-05	
20190514 000000 9.025e-05 9.949e-05 8.347e-05 8.73e-05	
20190513 000000 9.341e-05 0.00010207 8.488e-05 8.954e-05	
