20190611 000000 3.926e-05 4e-05 3.785e-05 3.843e-05	
20190610 000000 4.357e-05 4.439e-05 3.776e-05 3.926e-05	
20190609 000000 4.105e-05 6.238e-05 4.078e-05 4.353e-05	
20190608 000000 3.551e-05 4.237e-05 3.5e-05 4.116e-05	
20190607 000000 3.566e-05 3.786e-05 3.409e-05 3.552e-05	
20190606 000000 3.232e-05 3.677e-05 3.153e-05 3.563e-05	
20190605 000000 3.234e-05 3.312e-05 3.145e-05 3.232e-05	
20190604 000000 3.47e-05 3.477e-05 3.147e-05 3.237e-05	
20190603 000000 3.337e-05 3.6e-05 3.285e-05 3.459e-05	
20190602 000000 3.403e-05 3.425e-05 3.256e-05 3.339e-05	
20190601 000000 3.418e-05 3.6e-05 3.266e-05 3.393e-05	
20190531 000000 3.333e-05 3.667e-05 3.231e-05 3.414e-05	
20190530 000000 3.529e-05 3.551e-05 3.147e-05 3.337e-05	
20190529 000000 3.48e-05 3.684e-05 3.428e-05 3.523e-05	
20190528 000000 3.47e-05 3.638e-05 3.246e-05 3.48e-05	
20190527 000000 3.882e-05 3.904e-05 3.214e-05 3.49e-05	
20190526 000000 3.887e-05 3.887e-05 3.704e-05 3.874e-05	
20190525 000000 3.803e-05 4.793e-05 3.71e-05 3.887e-05	
20190524 000000 4.008e-05 4.025e-05 3.793e-05 3.8e-05	
20190523 000000 3.76e-05 4.02e-05 3.749e-05 3.998e-05	
20190522 000000 3.859e-05 4.215e-05 3.749e-05 3.761e-05	
20190521 000000 3.858e-05 4.771e-05 3.66e-05 3.857e-05	
20190520 000000 3.856e-05 3.94e-05 3.652e-05 3.852e-05	
20190519 000000 4.152e-05 4.403e-05 3.616e-05 3.861e-05	
20190518 000000 4.213e-05 4.378e-05 3.917e-05 4.161e-05	
20190517 000000 3.815e-05 4.449e-05 3.701e-05 4.212e-05	
20190516 000000 4.089e-05 4.2e-05 3.719e-05 3.81e-05	
20190515 000000 4.554e-05 4.816e-05 3.968e-05 4.096e-05	
20190514 000000 4.696e-05 4.945e-05 4.3e-05 4.549e-05	
20190513 000000 4.966e-05 6.168e-05 4.655e-05 4.691e-05	
