20190611 000000 1.966e-05 2.297e-05 1.85e-05 1.939e-05	
20190610 000000 2.162e-05 2.173e-05 1.802e-05 1.966e-05	
20190609 000000 2.27e-05 2.858e-05 2.066e-05 2.172e-05	
20190608 000000 1.875e-05 2.301e-05 1.755e-05 2.27e-05	
20190607 000000 1.985e-05 1.99e-05 1.77e-05 1.876e-05	
20190606 000000 1.622e-05 2.082e-05 1.561e-05 1.981e-05	
20190605 000000 1.659e-05 1.768e-05 1.478e-05 1.622e-05	
20190604 000000 1.744e-05 1.818e-05 1.616e-05 1.654e-05	
20190603 000000 1.771e-05 1.914e-05 1.68e-05 1.702e-05	
20190602 000000 1.747e-05 1.81e-05 1.7e-05 1.773e-05	
20190601 000000 1.758e-05 1.878e-05 1.715e-05 1.757e-05	
20190531 000000 1.748e-05 1.9e-05 1.721e-05 1.761e-05	
20190530 000000 1.789e-05 1.874e-05 1.678e-05 1.75e-05	
20190529 000000 1.881e-05 1.99e-05 1.73e-05 1.78e-05	
20190528 000000 1.834e-05 2e-05 1.713e-05 1.881e-05	
20190527 000000 1.96e-05 2.016e-05 1.707e-05 1.833e-05	
20190526 000000 2.008e-05 2.047e-05 1.901e-05 1.953e-05	
20190525 000000 1.821e-05 2.096e-05 1.785e-05 2.007e-05	
20190524 000000 1.86e-05 1.908e-05 1.803e-05 1.818e-05	
20190523 000000 1.78e-05 2.23e-05 1.747e-05 1.86e-05	
20190522 000000 1.807e-05 1.93e-05 1.685e-05 1.76e-05	
20190521 000000 1.857e-05 1.874e-05 1.701e-05 1.809e-05	
20190520 000000 1.942e-05 1.987e-05 1.73e-05 1.865e-05	
20190519 000000 2.173e-05 2.412e-05 1.83e-05 1.943e-05	
20190518 000000 2.313e-05 2.365e-05 1.93e-05 2.173e-05	
20190517 000000 1.964e-05 2.439e-05 1.841e-05 2.315e-05	
20190516 000000 2.377e-05 2.493e-05 1.9e-05 1.981e-05	
20190515 000000 2.588e-05 2.591e-05 2.295e-05 2.381e-05	
20190514 000000 2.852e-05 2.96e-05 2.212e-05 2.571e-05	
20190513 000000 2.965e-05 3.149e-05 2.804e-05 2.852e-05	
