20190611 000000 1.413e-05 1.45e-05 1.37142e-05 1.4077e-05	
20190610 000000 1.4626e-05 1.49078e-05 1.36529e-05 1.4169e-05	
20190609 000000 1.5585e-05 1.5638e-05 1.40004e-05 1.4626e-05	
20190608 000000 1.4181e-05 1.572e-05 1.3494e-05 1.5578e-05	
20190607 000000 1.4528e-05 1.49963e-05 1.36803e-05 1.42e-05	
20190606 000000 1.3863e-05 1.47753e-05 1.33272e-05 1.4394e-05	
20190605 000000 1.4403e-05 1.4951e-05 1.36289e-05 1.3907e-05	
20190604 000000 1.4302e-05 1.46427e-05 1.3121e-05 1.4403e-05	
20190603 000000 1.3834e-05 1.455e-05 1.37e-05 1.4291e-05	
20190602 000000 1.4151e-05 1.43775e-05 1.326e-05 1.3865e-05	
20190601 000000 1.4078e-05 1.4689e-05 1.326e-05 1.4112e-05	
20190531 000000 1.4428e-05 1.6456e-05 1.3449e-05 1.4078e-05	
20190530 000000 1.61499e-05 1.788e-05 1.4037e-05 1.4424e-05	
20190529 000000 1.541e-05 1.9589e-05 1.48051e-05 1.611e-05	
20190528 000000 1.3092e-05 1.72959e-05 1.23225e-05 1.5419e-05	
20190527 000000 1.4385e-05 1.46326e-05 1.28573e-05 1.3092e-05	
20190526 000000 1.4576e-05 1.46428e-05 1.4105e-05 1.4423e-05	
20190525 000000 1.4307e-05 1.47752e-05 1.4e-05 1.4576e-05	
20190524 000000 1.4778e-05 1.505e-05 1.37148e-05 1.4273e-05	
20190523 000000 1.4387e-05 1.4828e-05 1.3927e-05 1.4778e-05	
20190522 000000 1.5092e-05 1.5305e-05 1.3796e-05 1.4386e-05	
20190521 000000 1.4231e-05 1.545e-05 1.39168e-05 1.5093e-05	
20190520 000000 1.4876e-05 1.55794e-05 1.4038e-05 1.4229e-05	
20190519 000000 1.566e-05 1.566e-05 1.428e-05 1.4861e-05	
20190518 000000 1.6701e-05 1.68081e-05 1.4465e-05 1.5655e-05	
20190517 000000 1.4105e-05 1.67653e-05 1.31837e-05 1.6697e-05	
20190516 000000 1.6813e-05 1.6813e-05 1.398e-05 1.4094e-05	
20190515 000000 1.8436e-05 1.8538e-05 1.6123e-05 1.6767e-05	
20190514 000000 1.83822e-05 2.16498e-05 1.63877e-05 1.8451e-05	
20190513 000000 1.6894e-05 1.95102e-05 1.63e-05 1.83822e-05	
