20190611 000000 0.00012894 0.00012906 0.00012386 0.0001262	
20190610 000000 0.00012997 0.00013197 0.00012584 0.00012907	
20190609 000000 0.00013149 0.0001325 0.00012923 0.00013004	
20190608 000000 0.00013532 0.00013732 0.00013036 0.00013146	
20190607 000000 0.00013304 0.00013554 0.00012975 0.00013538	
20190606 000000 0.00013872 0.00013991 0.0001321 0.00013309	
20190605 000000 0.00014135 0.00014738 0.00013681 0.00013887	
20190604 000000 0.00014122 0.00015308 0.00012964 0.00014136	
20190603 000000 0.00014633 0.0001471 0.00013541 0.00014123	
20190602 000000 0.00013634 0.00015107 0.00013634 0.00014641	
20190601 000000 0.0001221 0.00013764 0.00012078 0.00013634	
20190531 000000 0.0001236 0.00012543 0.00012002 0.00012213	
20190530 000000 0.00012687 0.00012737 0.00011971 0.00012362	
20190529 000000 0.00012545 0.0001285 0.00012118 0.00012678	
20190528 000000 0.00012708 0.000137 0.0001226 0.00012539	
20190527 000000 0.0001203 0.00013 0.00011371 0.00012708	
20190526 000000 0.00010965 0.00012174 0.00010945 0.00012032	
20190525 000000 0.00011047 0.00011499 0.00010883 0.00010962	
20190524 000000 0.00011059 0.00011244 0.00010918 0.0001105	
20190523 000000 0.00011009 0.00011228 0.00010701 0.00011053	
20190522 000000 0.00011487 0.00011509 0.00010824 0.00011006	
20190521 000000 0.00011015 0.00011861 0.00010953 0.00011485	
20190520 000000 0.0001096 0.00011094 0.00010834 0.00011023	
20190519 000000 0.00011255 0.00011379 0.00010877 0.00010963	
20190518 000000 0.00011086 0.00011492 0.0001094 0.00011256	
20190517 000000 0.00010889 0.00011151 0.00010363 0.00011082	
20190516 000000 0.00012674 0.00012856 0.00010825 0.00010884	
20190515 000000 0.00012908 0.0001318 0.00012188 0.00012687	
20190514 000000 0.0001239 0.00013321 0.00012091 0.00012928	
20190513 000000 0.00012702 0.00013125 0.00012333 0.00012389	
