20190611 000000 1.742e-06 1.8277e-06 1.71e-06 1.767e-06	
20190610 000000 1.961e-06 1.963e-06 1.6673e-06 1.741e-06	
20190609 000000 2.076e-06 2.1044e-06 1.8372e-06 1.961e-06	
20190608 000000 2.076e-06 2.1555e-06 1.774e-06 2.076e-06	
20190607 000000 2.254e-06 2.2875e-06 1.8086e-06 2.079e-06	
20190606 000000 1.628e-06 2.2879e-06 1.6177e-06 2.218e-06	
20190605 000000 1.525e-06 1.64e-06 1.522e-06 1.624e-06	
20190604 000000 1.55e-06 1.684e-06 1.468e-06 1.526e-06	
20190603 000000 1.515e-06 1.7e-06 1.512e-06 1.543e-06	
20190602 000000 1.563e-06 1.571e-06 1.5e-06 1.513e-06	
20190601 000000 1.5889e-06 1.7513e-06 1.51e-06 1.566e-06	
20190531 000000 1.572e-06 1.76e-06 1.501e-06 1.581e-06	
20190530 000000 1.566e-06 1.691e-06 1.5114e-06 1.572e-06	
20190529 000000 1.606e-06 1.6076e-06 1.5245e-06 1.566e-06	
20190528 000000 1.5538e-06 1.6799e-06 1.5108e-06 1.606e-06	
20190527 000000 1.668e-06 1.69e-06 1.483e-06 1.544e-06	
20190526 000000 1.697e-06 1.71e-06 1.6272e-06 1.667e-06	
20190525 000000 1.605e-06 2.018e-06 1.605e-06 1.696e-06	
20190524 000000 1.656e-06 1.72e-06 1.5795e-06 1.61e-06	
20190523 000000 1.58e-06 1.688e-06 1.572e-06 1.653e-06	
20190522 000000 1.802e-06 1.81e-06 1.551e-06 1.58e-06	
20190521 000000 1.7e-06 1.85e-06 1.615e-06 1.802e-06	
20190520 000000 1.825e-06 1.915e-06 1.6088e-06 1.7e-06	
20190519 000000 1.975e-06 2.0199e-06 1.6996e-06 1.825e-06	
20190518 000000 2.114e-06 2.114e-06 1.807e-06 1.969e-06	
20190517 000000 1.695e-06 2.1999e-06 1.565e-06 2.11e-06	
20190516 000000 1.882e-06 1.9388e-06 1.574e-06 1.685e-06	
20190515 000000 1.896e-06 1.979e-06 1.683e-06 1.881e-06	
20190514 000000 2.151e-06 2.151e-06 1.79e-06 1.9022e-06	
20190513 000000 2.193e-06 2.2142e-06 2.003e-06 2.142e-06	
