20190611 000000 0.000632 0.000659 0.000617 0.00063	
20190610 000000 0.000655 0.000674 0.000623 0.000632	
20190609 000000 0.000684 0.000713 0.000647 0.000654	
20190608 000000 0.000711 0.000716 0.000679 0.000684	
20190607 000000 0.000702 0.00073 0.000683 0.000709	
20190606 000000 0.000711 0.000731 0.000702 0.000702	
20190605 000000 0.000778 0.000783 0.000708 0.000709	
20190604 000000 0.000813 0.000816 0.000754 0.000781	
20190603 000000 0.000766 0.000859 0.000721 0.000814	
20190602 000000 0.000786 0.000786 0.000745 0.000765	
20190601 000000 0.000759 0.000845 0.000681 0.000786	
20190531 000000 0.000675 0.000802 0.000672 0.000759	
20190530 000000 0.000637 0.000692 0.000613 0.000678	
20190529 000000 0.000605 0.000676 0.000568 0.000638	
20190528 000000 0.000545 0.000642 0.00052 0.000605	
20190527 000000 0.000609 0.00062 0.000514 0.000545	
20190526 000000 0.000558 0.00072 0.000554 0.00061	
20190525 000000 0.000515 0.000574 0.0005 0.000558	
20190524 000000 0.000578 0.000579 0.000496 0.000518	
20190523 000000 0.000786 0.000787 0.00056 0.000578	
20190522 000000 0.000839 0.00085 0.000783 0.000787	
20190521 000000 0.000819 0.000849 0.000807 0.000838	
20190520 000000 0.000838 0.00086 0.0008 0.000819	
20190519 000000 0.000869 0.00087 0.000799 0.000838	
20190518 000000 0.000871 0.000878 0.000803 0.000867	
20190517 000000 0.000809 0.000883 0.000805 0.000878	
20190516 000000 0.000904 0.000904 0.000784 0.000804	
20190515 000000 0.001007 0.00101 0.0009 0.000904	
20190514 000000 0.00111 0.001117 0.000996 0.001008	
20190513 000000 0.001134 0.001141 0.00109 0.00111	
