20190611 000000 6.34e-05 6.939e-05 6.245e-05 6.671e-05	
20190610 000000 6.44e-05 6.534e-05 6.221e-05 6.35e-05	
20190609 000000 6.404e-05 6.63e-05 6.374e-05 6.443e-05	
20190608 000000 6.711e-05 6.758e-05 6.15e-05 6.404e-05	
20190607 000000 6.967e-05 7.006e-05 6.252e-05 6.723e-05	
20190606 000000 6.866e-05 7.057e-05 6.639e-05 6.968e-05	
20190605 000000 6.616e-05 7.516e-05 6.535e-05 6.859e-05	
20190604 000000 6.61e-05 6.88e-05 6.401e-05 6.632e-05	
20190603 000000 6.764e-05 6.796e-05 6.502e-05 6.61e-05	
20190602 000000 6.712e-05 7.5e-05 6.666e-05 6.765e-05	
20190601 000000 6.534e-05 6.761e-05 6.149e-05 6.728e-05	
20190531 000000 5.53e-05 6.742e-05 5.402e-05 6.55e-05	
20190530 000000 5.529e-05 6.343e-05 5.434e-05 5.538e-05	
20190529 000000 5.721e-05 5.835e-05 5.527e-05 5.549e-05	
20190528 000000 5.883e-05 5.943e-05 5.718e-05 5.733e-05	
20190527 000000 5.64e-05 6.343e-05 5.489e-05 5.864e-05	
20190526 000000 5.629e-05 6.027e-05 5.564e-05 5.626e-05	
20190525 000000 5.561e-05 6.637e-05 5.468e-05 5.63e-05	
20190524 000000 5.743e-05 5.886e-05 5.516e-05 5.56e-05	
20190523 000000 5.506e-05 6.852e-05 4.881e-05 5.756e-05	
20190522 000000 5.787e-05 5.797e-05 5.473e-05 5.473e-05	
20190521 000000 6.06e-05 6.093e-05 5.6e-05 5.787e-05	
20190520 000000 5.856e-05 6.15e-05 5.433e-05 6.062e-05	
20190519 000000 5.993e-05 6.8e-05 5.373e-05 5.842e-05	
20190518 000000 5.758e-05 6.021e-05 5.605e-05 5.993e-05	
20190517 000000 5.592e-05 5.829e-05 5.053e-05 5.756e-05	
20190516 000000 6.929e-05 7.036e-05 5.528e-05 5.594e-05	
20190515 000000 8.206e-05 8.264e-05 6.929e-05 6.929e-05	
20190514 000000 8.977e-05 9.473e-05 7.965e-05 8.206e-05	
20190513 000000 9.27e-05 9.27e-05 7.924e-05 8.976e-05	
