20190611 000000 0.00025335 0.0002545 0.00024125 0.00024228	
20190610 000000 0.00026336 0.00027086 0.0002516 0.00025329	
20190609 000000 0.00025361 0.00026396 0.00025296 0.0002627	
20190608 000000 0.00027043 0.00027134 0.00025 0.00025443	
20190607 000000 0.00030016 0.00030025 0.00025954 0.00027063	
20190606 000000 0.00033108 0.00033345 0.00029995 0.00030016	
20190605 000000 0.00032919 0.00033815 0.000324 0.00033142	
20190604 000000 0.00032953 0.00033087 0.00031657 0.00033012	
20190603 000000 0.00032182 0.00036263 0.00032105 0.0003295	
20190602 000000 0.00029831 0.00032717 0.00029718 0.00032041	
20190601 000000 0.00029405 0.00029998 0.00028801 0.00029732	
20190531 000000 0.00028305 0.00029635 0.00028138 0.00029378	
20190530 000000 0.00028448 0.00029105 0.00027361 0.00028305	
20190529 000000 0.00028681 0.00029396 0.00028193 0.00028574	
20190528 000000 0.00028863 0.00029107 0.00028051 0.00028688	
20190527 000000 0.00028039 0.00029401 0.0002789 0.0002884	
20190526 000000 0.00028105 0.000294 0.00027607 0.00028052	
20190525 000000 0.00028259 0.00028673 0.00027036 0.0002811	
20190524 000000 0.00028208 0.00029435 0.00028025 0.00028261	
20190523 000000 0.00027078 0.00028645 0.00026878 0.00028208	
20190522 000000 0.00027229 0.00029283 0.00026662 0.0002711	
20190521 000000 0.0002642 0.00028817 0.00026197 0.00027099	
20190520 000000 0.00025795 0.00027087 0.00025667 0.00026448	
20190519 000000 0.00027059 0.00027469 0.00025386 0.00025871	
20190518 000000 0.00025852 0.0002714 0.00025209 0.00027034	
20190517 000000 0.00024303 0.000274 0.00024242 0.0002585	
20190516 000000 0.00026249 0.00027031 0.00022995 0.00024415	
20190515 000000 0.00032053 0.00032254 0.00025902 0.00026268	
20190514 000000 0.00031279 0.00034221 0.00029578 0.00032056	
20190513 000000 0.00025692 0.00031279 0.00025567 0.00031124	
