20190611 000000 5.859e-06 6.4985e-06 5.4501e-06 5.659e-06	
20190610 000000 7.0102e-06 8.1e-06 5.4e-06 5.824e-06	
20190609 000000 7.349e-06 9.631e-06 5.9e-06 7.0103e-06	
20190608 000000 7.585e-06 9.1568e-06 6.836e-06 7.353e-06	
20190607 000000 6.6234e-06 8.8e-06 6.2303e-06 7.584e-06	
20190606 000000 4.5421e-06 7e-06 4.454e-06 6.8688e-06	
20190605 000000 3.754e-06 4.8096e-06 3.4217e-06 4.571e-06	
20190604 000000 3.7064e-06 4.3094e-06 3.2607e-06 3.7085e-06	
20190603 000000 2.734e-06 3.9998e-06 2.5876e-06 3.717e-06	
20190602 000000 2.792e-06 2.8071e-06 2.6871e-06 2.734e-06	
20190601 000000 2.831e-06 2.882e-06 2.7569e-06 2.79e-06	
20190531 000000 2.633e-06 2.98e-06 2.6261e-06 2.829e-06	
20190530 000000 2.618e-06 2.7362e-06 2.4612e-06 2.635e-06	
20190529 000000 2.792e-06 2.8961e-06 2.6128e-06 2.618e-06	
20190528 000000 2.851e-06 2.942e-06 2.699e-06 2.792e-06	
20190527 000000 2.723e-06 3.063e-06 2.6224e-06 2.851e-06	
20190526 000000 2.484e-06 2.7417e-06 2.4802e-06 2.7204e-06	
20190525 000000 2.49e-06 2.5577e-06 2.4573e-06 2.483e-06	
20190524 000000 2.426e-06 2.5078e-06 2.4081e-06 2.49e-06	
20190523 000000 2.412e-06 2.4399e-06 2.3407e-06 2.426e-06	
20190522 000000 2.509e-06 2.7e-06 2.3775e-06 2.412e-06	
20190521 000000 2.455e-06 2.7061e-06 2.4114e-06 2.509e-06	
20190520 000000 2.584e-06 3.019e-06 2.3708e-06 2.455e-06	
20190519 000000 2.474e-06 2.783e-06 2.4107e-06 2.576e-06	
20190518 000000 2.69e-06 2.7417e-06 2.38e-06 2.473e-06	
20190517 000000 2.4106e-06 2.7422e-06 2.3e-06 2.6912e-06	
20190516 000000 2.6554e-06 2.715e-06 2.4054e-06 2.408e-06	
20190515 000000 2.792e-06 2.815e-06 2.6406e-06 2.659e-06	
20190514 000000 2.793e-06 2.874e-06 2.4581e-06 2.788e-06	
20190513 000000 2.758e-06 3.2537e-06 2.66e-06 2.791e-06	
