20190611 000000 3.14e-05 3.166e-05 3.044e-05 3.091e-05	
20190610 000000 3.095e-05 3.246e-05 3.064e-05 3.141e-05	
20190609 000000 3.1e-05 3.145e-05 3.056e-05 3.098e-05	
20190608 000000 3.072e-05 3.147e-05 3.034e-05 3.099e-05	
20190607 000000 3.19e-05 3.208e-05 3.041e-05 3.073e-05	
20190606 000000 3.111e-05 3.277e-05 3.1e-05 3.189e-05	
20190605 000000 3.029e-05 3.277e-05 2.934e-05 3.111e-05	
20190604 000000 2.873e-05 3.051e-05 2.795e-05 3.039e-05	
20190603 000000 2.889e-05 2.915e-05 2.807e-05 2.873e-05	
20190602 000000 2.785e-05 2.893e-05 2.772e-05 2.89e-05	
20190601 000000 2.859e-05 2.903e-05 2.765e-05 2.784e-05	
20190531 000000 2.843e-05 3.021e-05 2.812e-05 2.862e-05	
20190530 000000 2.826e-05 2.983e-05 2.706e-05 2.844e-05	
20190529 000000 2.898e-05 2.933e-05 2.805e-05 2.826e-05	
20190528 000000 2.796e-05 3.024e-05 2.735e-05 2.897e-05	
20190527 000000 2.907e-05 2.913e-05 2.713e-05 2.792e-05	
20190526 000000 2.952e-05 2.964e-05 2.886e-05 2.907e-05	
20190525 000000 2.93e-05 3.005e-05 2.886e-05 2.952e-05	
20190524 000000 3.055e-05 3.083e-05 2.925e-05 2.935e-05	
20190523 000000 2.988e-05 3.059e-05 2.909e-05 3.052e-05	
20190522 000000 3.084e-05 3.103e-05 2.875e-05 2.987e-05	
20190521 000000 3.096e-05 3.179e-05 3.023e-05 3.099e-05	
20190520 000000 3.065e-05 3.188e-05 3.016e-05 3.089e-05	
20190519 000000 3.173e-05 3.37e-05 3.041e-05 3.065e-05	
20190518 000000 3.123e-05 3.275e-05 3.05e-05 3.172e-05	
20190517 000000 2.88e-05 3.207e-05 2.867e-05 3.122e-05	
20190516 000000 3.285e-05 3.292e-05 2.87e-05 2.882e-05	
20190515 000000 3.319e-05 3.423e-05 3.133e-05 3.28e-05	
20190514 000000 3.202e-05 3.314e-05 3.137e-05 3.314e-05	
20190513 000000 3.214e-05 3.43e-05 3.196e-05 3.199e-05	
