20190611 000000 0.001854 0.001921 0.001836 0.001845	
20190610 000000 0.001877 0.001911 0.001806 0.001854	
20190609 000000 0.001867 0.001948 0.001851 0.001877	
20190608 000000 0.001879 0.001999 0.001823 0.001866	
20190607 000000 0.001731 0.001932 0.001717 0.001879	
20190606 000000 0.001784 0.001799 0.001724 0.001732	
20190605 000000 0.001821 0.001877 0.001748 0.001785	
20190604 000000 0.001778 0.001923 0.001703 0.001821	
20190603 000000 0.001905 0.001976 0.001717 0.001778	
20190602 000000 0.001526 0.002129 0.001512 0.001906	
20190601 000000 0.00156 0.00158 0.001512 0.001526	
20190531 000000 0.001541 0.001614 0.001533 0.00156	
20190530 000000 0.001566 0.001608 0.001485 0.001542	
20190529 000000 0.001528 0.001578 0.00151 0.001564	
20190528 000000 0.001508 0.001543 0.00147 0.001528	
20190527 000000 0.001659 0.001665 0.001465 0.001509	
20190526 000000 0.001614 0.001697 0.001608 0.001657	
20190525 000000 0.001704 0.001714 0.00158 0.001614	
20190524 000000 0.001787 0.001907 0.001685 0.001705	
20190523 000000 0.001595 0.001833 0.001588 0.001789	
20190522 000000 0.001537 0.001638 0.001524 0.0016	
20190521 000000 0.001553 0.001586 0.001455 0.001537	
20190520 000000 0.001631 0.001651 0.001513 0.001554	
20190519 000000 0.001653 0.001755 0.001587 0.001631	
20190518 000000 0.001627 0.001689 0.001575 0.001653	
20190517 000000 0.001505 0.001631 0.001503 0.001629	
20190516 000000 0.001727 0.001821 0.001487 0.001503	
20190515 000000 0.001734 0.001831 0.001636 0.001727	
20190514 000000 0.001915 0.001946 0.001708 0.001737	
20190513 000000 0.00191 0.001988 0.001879 0.001915	
