20190611 000000 0.009706 0.009852 0.009587 0.009737	
20190610 000000 0.009713 0.009919 0.009614 0.009707	
20190609 000000 0.009588 0.009947 0.009548 0.009713	
20190608 000000 0.009584 0.009725 0.00933 0.009587	
20190607 000000 0.009316 0.009723 0.009185 0.009578	
20190606 000000 0.009473 0.009518 0.009257 0.009328	
20190605 000000 0.009512 0.009669 0.00938 0.00947	
20190604 000000 0.009839 0.009919 0.009461 0.009504	
20190603 000000 0.009708 0.009909 0.009412 0.009849	
20190602 000000 0.009836 0.010072 0.009663 0.009727	
20190601 000000 0.009757 0.010052 0.009636 0.009833	
20190531 000000 0.009405 0.010277 0.009349 0.009789	
20190530 000000 0.009988 0.010141 0.009309 0.009373	
20190529 000000 0.010118 0.010351 0.009918 0.009991	
20190528 000000 0.010085 0.010653 0.009923 0.010124	
20190527 000000 0.010594 0.010639 0.009932 0.010116	
20190526 000000 0.010736 0.010962 0.010496 0.01059	
20190525 000000 0.011184 0.011196 0.01032 0.010709	
20190524 000000 0.010428 0.014202 0.010277 0.011184	
20190523 000000 0.009616 0.010877 0.009539 0.01041	
20190522 000000 0.009783 0.01002 0.009388 0.009626	
20190521 000000 0.009701 0.010137 0.009412 0.009767	
20190520 000000 0.009714 0.00994 0.009478 0.009691	
20190519 000000 0.00991 0.01028 0.009396 0.009717	
20190518 000000 0.01028 0.010358 0.00964 0.009899	
20190517 000000 0.009484 0.010293 0.009194 0.010285	
20190516 000000 0.01103 0.011322 0.00944 0.009464	
20190515 000000 0.01142 0.011546 0.010139 0.011102	
20190514 000000 0.011935 0.012195 0.011163 0.011415	
20190513 000000 0.012562 0.013036 0.011555 0.01193	
