20190611 000000 0.000398 0.00041 0.000386 0.000401	
20190610 000000 0.000389 0.00042 0.000383 0.000398	
20190609 000000 0.000429 0.000451 0.000377 0.000388	
20190608 000000 0.000307 0.000589 0.000302 0.000431	
20190607 000000 0.000296 0.000325 0.000287 0.000307	
20190606 000000 0.000298 0.000318 0.000291 0.000295	
20190605 000000 0.000294 0.000307 0.000291 0.000298	
20190604 000000 0.000298 0.000306 0.00029 0.000295	
20190603 000000 0.000298 0.000307 0.000293 0.000299	
20190602 000000 0.000287 0.000319 0.000286 0.000299	
20190601 000000 0.000289 0.000294 0.000277 0.000287	
20190531 000000 0.00029 0.000305 0.00028 0.000289	
20190530 000000 0.000286 0.000299 0.000277 0.000289	
20190529 000000 0.000288 0.000299 0.00028 0.000287	
20190528 000000 0.000288 0.000312 0.000279 0.000288	
20190527 000000 0.000298 0.000301 0.000278 0.000289	
20190526 000000 0.000306 0.000326 0.000297 0.000298	
20190525 000000 0.000298 0.000373 0.000289 0.000306	
20190524 000000 0.000287 0.000309 0.000281 0.000298	
20190523 000000 0.000287 0.000303 0.000284 0.000287	
20190522 000000 0.000279 0.000296 0.000275 0.000287	
20190521 000000 0.000273 0.000298 0.000269 0.000279	
20190520 000000 0.000278 0.000295 0.000268 0.000273	
20190519 000000 0.000292 0.000295 0.000272 0.000277	
20190518 000000 0.000283 0.000304 0.000279 0.00029	
20190517 000000 0.000275 0.000289 0.00026 0.000283	
20190516 000000 0.00029 0.000345 0.000275 0.000275	
20190515 000000 0.000318 0.000324 0.000289 0.00029	
20190514 000000 0.000311 0.00032 0.000298 0.000317	
20190513 000000 0.000343 0.00035 0.000308 0.00031	
