20190611 000000 0.00105848 0.00107025 0.0010073 0.00106491	
20190610 000000 0.00105043 0.00117065 0.00101095 0.00105748	
20190609 000000 0.00101565 0.00107556 0.00101027 0.00105085	
20190608 000000 0.0010282 0.00104164 0.00100133 0.00101588	
20190607 000000 0.00102489 0.00111696 0.00100104 0.00102954	
20190606 000000 0.0010236 0.00106614 0.00099278 0.00102597	
20190605 000000 0.00105681 0.00110315 0.00099422 0.00102522	
20190604 000000 0.00104946 0.00114455 0.00098216 0.00105452	
20190603 000000 0.00107316 0.00109894 0.00101897 0.00104124	
20190602 000000 0.00109307 0.00110217 0.00105246 0.00107972	
20190601 000000 0.00114744 0.00115882 0.00108954 0.00109308	
20190531 000000 0.00110315 0.00117137 0.00105273 0.00114313	
20190530 000000 0.00099585 0.00113068 0.00093797 0.0010918	
20190529 000000 0.00100279 0.00100659 0.00093304 0.00099571	
20190528 000000 0.00090519 0.00108101 0.00085836 0.00100097	
20190527 000000 0.00094966 0.0010114 0.00089475 0.00090665	
20190526 000000 0.00093345 0.00097871 0.00092333 0.00094958	
20190525 000000 0.00094203 0.00096343 0.0009079 0.00093525	
20190524 000000 0.00094047 0.00098656 0.00093217 0.00094202	
20190523 000000 0.00095782 0.00097625 0.00092073 0.00094533	
20190522 000000 0.00098406 0.00099053 0.00091561 0.0009564	
20190521 000000 0.00099495 0.00100936 0.00096576 0.00098313	
20190520 000000 0.0010016 0.00102412 0.00096862 0.00099654	
20190519 000000 0.00102685 0.00105625 0.00097707 0.00100077	
20190518 000000 0.00105056 0.00109211 0.00098692 0.00102685	
20190517 000000 0.0009826 0.00110078 0.00094047 0.00105196	
20190516 000000 0.0011653 0.00121037 0.00097357 0.00098526	
20190515 000000 0.00122387 0.0013122 0.00113127 0.00116833	
20190514 000000 0.00124281 0.00125043 0.00117326 0.00122576	
20190513 000000 0.00127013 0.00130337 0.00120395 0.00124061	
