20190611 000000 6.003e-05 6.643e-05 5.736e-05 5.909e-05	
20190610 000000 5.227e-05 6.831e-05 5.227e-05 5.991e-05	
20190609 000000 5.374e-05 5.468e-05 5.175e-05 5.233e-05	
20190608 000000 5.063e-05 5.747e-05 5.027e-05 5.395e-05	
20190607 000000 4.796e-05 5.077e-05 4.76e-05 5.063e-05	
20190606 000000 4.959e-05 4.984e-05 4.725e-05 4.793e-05	
20190605 000000 4.582e-05 5.027e-05 4.438e-05 4.942e-05	
20190604 000000 4.792e-05 4.977e-05 4.488e-05 4.593e-05	
20190603 000000 4.626e-05 5.086e-05 4.513e-05 4.819e-05	
20190602 000000 4.507e-05 4.784e-05 4.502e-05 4.626e-05	
20190601 000000 4.652e-05 4.8e-05 4.355e-05 4.652e-05	
20190531 000000 4.642e-05 4.944e-05 4.579e-05 4.661e-05	
20190530 000000 4.88e-05 5e-05 4.558e-05 4.642e-05	
20190529 000000 5.141e-05 5.168e-05 4.797e-05 4.88e-05	
20190528 000000 4.569e-05 5.493e-05 4.435e-05 5.141e-05	
20190527 000000 5.3e-05 5.376e-05 4.389e-05 4.569e-05	
20190526 000000 4.928e-05 5.726e-05 4.847e-05 5.3e-05	
20190525 000000 5.112e-05 5.302e-05 4.388e-05 4.921e-05	
20190524 000000 5.822e-05 5.843e-05 5.049e-05 5.112e-05	
20190523 000000 6.183e-05 6.251e-05 5.08e-05 5.816e-05	
20190522 000000 4.353e-05 8.888e-05 4.338e-05 6.174e-05	
20190521 000000 4.668e-05 4.731e-05 4.133e-05 4.353e-05	
20190520 000000 4.244e-05 4.95e-05 4.043e-05 4.625e-05	
20190519 000000 4.57e-05 4.797e-05 4.183e-05 4.242e-05	
20190518 000000 4.39e-05 4.985e-05 4.326e-05 4.538e-05	
20190517 000000 4.343e-05 4.504e-05 4.056e-05 4.347e-05	
20190516 000000 4.843e-05 5.208e-05 4.227e-05 4.365e-05	
20190515 000000 4.704e-05 5.801e-05 4.216e-05 4.867e-05	
20190514 000000 5.084e-05 5.7e-05 4.515e-05 4.694e-05	
20190513 000000 5.118e-05 5.513e-05 4.745e-05 5.015e-05	
