20190611 000000 0.009011 0.009178 0.008777 0.009097	
20190610 000000 0.00885 0.00938 0.008746 0.009006	
20190609 000000 0.008577 0.008867 0.008438 0.00885	
20190608 000000 0.008491 0.008693 0.008287 0.008578	
20190607 000000 0.008256 0.008742 0.008103 0.008512	
20190606 000000 0.008066 0.008559 0.007934 0.008256	
20190605 000000 0.008371 0.008375 0.008 0.008068	
20190604 000000 0.008322 0.008648 0.00813 0.008356	
20190603 000000 0.008358 0.009011 0.008071 0.008322	
20190602 000000 0.008551 0.008613 0.0081 0.008356	
20190601 000000 0.008941 0.009098 0.008348 0.008557	
20190531 000000 0.009281 0.010275 0.00885 0.008958	
20190530 000000 0.008927 0.012 0.008544 0.009336	
20190529 000000 0.008577 0.00928 0.008303 0.008871	
20190528 000000 0.008435 0.00895 0.008274 0.008583	
20190527 000000 0.00908 0.009188 0.008168 0.008442	
20190526 000000 0.008816 0.009162 0.008718 0.00908	
20190525 000000 0.008697 0.009091 0.008555 0.008825	
20190524 000000 0.009092 0.009226 0.008571 0.008691	
20190523 000000 0.00911 0.009311 0.008865 0.009078	
20190522 000000 0.008719 0.009244 0.008635 0.009106	
20190521 000000 0.008967 0.009128 0.008584 0.008713	
20190520 000000 0.008644 0.009129 0.008426 0.008987	
20190519 000000 0.00927 0.009357 0.008587 0.008635	
20190518 000000 0.009537 0.009581 0.009064 0.009251	
20190517 000000 0.008344 0.009538 0.008211 0.009532	
20190516 000000 0.009693 0.009917 0.008341 0.008375	
20190515 000000 0.010366 0.010366 0.009195 0.009696	
20190514 000000 0.011097 0.011255 0.010287 0.010348	
20190513 000000 0.010266 0.013958 0.010142 0.011097	
