20190611 000000 0.000505 0.000505 0.000493 0.000499	
20190610 000000 0.000514 0.000521 0.000501 0.000506	
20190609 000000 0.00051 0.000518 0.000505 0.000514	
20190608 000000 0.000518 0.00052 0.000506 0.000509	
20190607 000000 0.000498 0.000519 0.000496 0.000517	
20190606 000000 0.0005 0.000502 0.000491 0.000497	
20190605 000000 0.000502 0.000512 0.000497 0.000501	
20190604 000000 0.000509 0.000518 0.000497 0.000502	
20190603 000000 0.000511 0.00052 0.0005 0.000508	
20190602 000000 0.000491 0.000513 0.00049 0.000511	
20190601 000000 0.000499 0.000505 0.000488 0.000491	
20190531 000000 0.000497 0.00052 0.000493 0.0005	
20190530 000000 0.000503 0.00051 0.000482 0.000499	
20190529 000000 0.000501 0.00052 0.000497 0.000504	
20190528 000000 0.000513 0.000522 0.000494 0.000501	
20190527 000000 0.000494 0.000514 0.000489 0.000514	
20190526 000000 0.000499 0.000502 0.000492 0.000495	
20190525 000000 0.000506 0.000513 0.000494 0.000499	
20190524 000000 0.00051 0.000516 0.0005 0.000506	
20190523 000000 0.000512 0.000517 0.000496 0.00051	
20190522 000000 0.00053 0.000535 0.000509 0.000513	
20190521 000000 0.000537 0.000544 0.000526 0.000531	
20190520 000000 0.00055 0.000561 0.000535 0.000538	
20190519 000000 0.000559 0.000564 0.000541 0.000551	
20190518 000000 0.000526 0.00058 0.000514 0.000559	
20190517 000000 0.000547 0.000559 0.000505 0.000526	
20190516 000000 0.000522 0.000627 0.000512 0.000547	
20190515 000000 0.000544 0.000551 0.000506 0.000522	
20190514 000000 0.000508 0.000563 0.000492 0.000546	
20190513 000000 0.000522 0.000535 0.000504 0.000508	
