20190611 000000 0.354696 0.360594 0.351 0.359396	
20190610 000000 0.357925 0.364994 0.352666 0.354406	
20190609 000000 0.354943 0.362647 0.35454 0.358084	
20190608 000000 0.354184 0.357799 0.350716 0.354942	
20190607 000000 0.351231 0.354883 0.34594 0.35422	
20190606 000000 0.348878 0.35171 0.343295 0.351231	
20190605 000000 0.350262 0.354874 0.345106 0.348046	
20190604 000000 0.359694 0.362589 0.349 0.350178	
20190603 000000 0.357718 0.362419 0.351515 0.359523	
20190602 000000 0.346733 0.357785 0.346011 0.357785	
20190601 000000 0.354528 0.357065 0.341135 0.34671	
20190531 000000 0.341401 0.369588 0.341379 0.354875	
20190530 000000 0.351306 0.353497 0.330002 0.341621	
20190529 000000 0.356233 0.357719 0.342486 0.351212	
20190528 000000 0.355968 0.365463 0.352944 0.356256	
20190527 000000 0.34829 0.357033 0.33838 0.35586	
20190526 000000 0.342875 0.35178 0.342436 0.348253	
20190525 000000 0.341782 0.346686 0.338258 0.34291	
20190524 000000 0.347955 0.350108 0.339731 0.34191	
20190523 000000 0.353213 0.355571 0.340223 0.347956	
20190522 000000 0.350904 0.361745 0.341728 0.353269	
20190521 000000 0.352104 0.368833 0.343983 0.350721	
20190520 000000 0.339117 0.355955 0.337801 0.351925	
20190519 000000 0.339531 0.3471 0.335706 0.33905	
20190518 000000 0.34514 0.347096 0.334136 0.339289	
20190517 000000 0.330407 0.34727 0.324404 0.345055	
20190516 000000 0.385352 0.3933 0.328698 0.329924	
20190515 000000 0.40421 0.404834 0.372366 0.385341	
20190514 000000 0.40086 0.417073 0.383658 0.404606	
20190513 000000 0.396338 0.415059 0.395745 0.400972	
