20190611 000000 1.3e-06 1.3e-06 1.22e-06 1.25e-06	
20190610 000000 1.27e-06 1.33e-06 1.21e-06 1.3e-06	
20190609 000000 1.39e-06 1.41e-06 1.24e-06 1.27e-06	
20190608 000000 1.33e-06 1.44e-06 1.32e-06 1.39e-06	
20190607 000000 1.3e-06 1.43e-06 1.29e-06 1.32e-06	
20190606 000000 1.17e-06 1.34e-06 1.16e-06 1.3e-06	
20190605 000000 1.18e-06 1.3e-06 1.09e-06 1.18e-06	
20190604 000000 1.25e-06 1.35e-06 1.18e-06 1.19e-06	
20190603 000000 1.19e-06 1.35e-06 1.17e-06 1.21e-06	
20190602 000000 1.21e-06 1.23e-06 1.17e-06 1.19e-06	
20190601 000000 1.24e-06 1.26e-06 1.16e-06 1.21e-06	
20190531 000000 1.27e-06 1.37e-06 1.09e-06 1.26e-06	
20190530 000000 1.26e-06 1.34e-06 1.17e-06 1.27e-06	
20190529 000000 1.29e-06 1.32e-06 1.2e-06 1.27e-06	
20190528 000000 1.2e-06 1.34e-06 1.19e-06 1.29e-06	
20190527 000000 1.25e-06 1.31e-06 1.16e-06 1.2e-06	
20190526 000000 1.29e-06 1.39e-06 1.11e-06 1.25e-06	
20190525 000000 1.3e-06 1.31e-06 1.24e-06 1.3e-06	
20190524 000000 1.29e-06 1.38e-06 1.26e-06 1.3e-06	
20190523 000000 1.3e-06 1.37e-06 1.23e-06 1.3e-06	
20190522 000000 1.33e-06 1.33e-06 1.25e-06 1.29e-06	
20190521 000000 1.32e-06 1.36e-06 1.25e-06 1.33e-06	
20190520 000000 1.42e-06 1.45e-06 1.25e-06 1.33e-06	
20190519 000000 1.48e-06 1.53e-06 1.39e-06 1.42e-06	
20190518 000000 1.59e-06 1.61e-06 1.39e-06 1.48e-06	
20190517 000000 1.47e-06 1.65e-06 1.36e-06 1.59e-06	
20190516 000000 1.47e-06 1.58e-06 1.31e-06 1.46e-06	
20190515 000000 1.61e-06 1.61e-06 1.4e-06 1.47e-06	
20190514 000000 1.64e-06 1.83e-06 1.58e-06 1.6e-06	
20190513 000000 1.7e-06 1.76e-06 1.56e-06 1.66e-06	
