20190611 000000 0.005325 0.005423 0.00494 0.005134	
20190610 000000 0.005171 0.0055 0.005055 0.00534	
20190609 000000 0.005119 0.00538 0.004994 0.00517	
20190608 000000 0.005455 0.00568 0.005012 0.005127	
20190607 000000 0.004863 0.005779 0.004823 0.005462	
20190606 000000 0.004737 0.004913 0.00455 0.004866	
20190605 000000 0.005254 0.005322 0.004715 0.004747	
20190604 000000 0.005593 0.00567 0.005114 0.00523	
20190603 000000 0.005696 0.00578 0.005473 0.005577	
20190602 000000 0.005529 0.005774 0.005388 0.005713	
20190601 000000 0.005799 0.005856 0.005381 0.005538	
20190531 000000 0.005826 0.006 0.005564 0.005799	
20190530 000000 0.005853 0.0062 0.005423 0.005814	
20190529 000000 0.00598 0.00601 0.005731 0.005832	
20190528 000000 0.006094 0.006158 0.0059 0.005987	
20190527 000000 0.006068 0.006409 0.006006 0.006085	
20190526 000000 0.006222 0.006323 0.006038 0.006091	
20190525 000000 0.006281 0.006427 0.00614 0.006222	
20190524 000000 0.006565 0.006733 0.006258 0.006281	
20190523 000000 0.006283 0.0067 0.006205 0.00656	
20190522 000000 0.006645 0.0069 0.006221 0.00626	
20190521 000000 0.006753 0.006822 0.006489 0.006641	
20190520 000000 0.006825 0.00748 0.006613 0.006753	
20190519 000000 0.006869 0.007108 0.006512 0.006838	
20190518 000000 0.00725 0.0075 0.006831 0.006852	
20190517 000000 0.006207 0.007344 0.006182 0.007229	
20190516 000000 0.007162 0.007334 0.0061 0.006225	
20190515 000000 0.006746 0.0074 0.006578 0.007177	
20190514 000000 0.006653 0.007301 0.006205 0.006753	
20190513 000000 0.006707 0.00689 0.006328 0.006658	
