20190611 000000 3.666e-05 3.812e-05 3.637e-05 3.72e-05	
20190610 000000 3.698e-05 3.747e-05 3.623e-05 3.668e-05	
20190609 000000 3.725e-05 3.732e-05 3.643e-05 3.692e-05	
20190608 000000 3.721e-05 3.784e-05 3.68e-05 3.726e-05	
20190607 000000 3.53e-05 3.803e-05 3.525e-05 3.721e-05	
20190606 000000 3.538e-05 3.607e-05 3.487e-05 3.531e-05	
20190605 000000 3.618e-05 3.671e-05 3.525e-05 3.54e-05	
20190604 000000 3.781e-05 3.795e-05 3.565e-05 3.618e-05	
20190603 000000 3.817e-05 3.845e-05 3.728e-05 3.781e-05	
20190602 000000 3.797e-05 3.913e-05 3.753e-05 3.832e-05	
20190601 000000 3.774e-05 3.843e-05 3.67e-05 3.797e-05	
20190531 000000 3.779e-05 3.92e-05 3.694e-05 3.774e-05	
20190530 000000 3.866e-05 3.884e-05 3.703e-05 3.778e-05	
20190529 000000 3.959e-05 3.995e-05 3.777e-05 3.863e-05	
20190528 000000 4.047e-05 4.193e-05 3.923e-05 3.966e-05	
20190527 000000 4.272e-05 4.663e-05 3.943e-05 4.04e-05	
20190526 000000 4.643e-05 4.659e-05 4.25e-05 4.304e-05	
20190525 000000 4.367e-05 4.721e-05 4.25e-05 4.644e-05	
20190524 000000 4.587e-05 4.684e-05 4.315e-05 4.359e-05	
20190523 000000 4.474e-05 4.685e-05 4.236e-05 4.588e-05	
20190522 000000 4.289e-05 4.643e-05 4.086e-05 4.48e-05	
20190521 000000 4.269e-05 4.353e-05 4.06e-05 4.291e-05	
20190520 000000 4.332e-05 4.563e-05 4.105e-05 4.269e-05	
20190519 000000 3.929e-05 4.399e-05 3.854e-05 4.332e-05	
20190518 000000 4.081e-05 4.145e-05 3.911e-05 3.927e-05	
20190517 000000 3.952e-05 4.34e-05 3.773e-05 4.053e-05	
20190516 000000 3.881e-05 4.688e-05 3.779e-05 3.946e-05	
20190515 000000 3.809e-05 4.335e-05 3.55e-05 3.899e-05	
20190514 000000 3.818e-05 3.86e-05 3.56e-05 3.81e-05	
20190513 000000 3.819e-05 4.051e-05 3.763e-05 3.817e-05	
