20190611 000000 0.039906 0.0423 0.038175 0.03851	
20190610 000000 0.034134 0.042498 0.032678 0.039992	
20190609 000000 0.035096 0.035486 0.032296 0.034189	
20190608 000000 0.036059 0.037899 0.032076 0.034932	
20190607 000000 0.0276 0.038799 0.027254 0.036042	
20190606 000000 0.027347 0.028043 0.026766 0.027518	
20190605 000000 0.028495 0.028785 0.026843 0.027345	
20190604 000000 0.027722 0.029346 0.02711 0.028357	
20190603 000000 0.029686 0.02983 0.027403 0.027964	
20190602 000000 0.027703 0.039747 0.027014 0.029715	
20190601 000000 0.027513 0.02856 0.026566 0.027704	
20190531 000000 0.02667 0.028608 0.026543 0.027511	
20190530 000000 0.027293 0.028047 0.026175 0.026607	
20190529 000000 0.027735 0.028483 0.026999 0.027311	
20190528 000000 0.027613 0.028571 0.026779 0.027805	
20190527 000000 0.028316 0.029767 0.0267 0.027708	
20190526 000000 0.028244 0.029847 0.027654 0.029847	
20190525 000000 0.029111 0.030464 0.027442 0.02815	
20190524 000000 0.029426 0.030716 0.028915 0.029043	
20190523 000000 0.02982 0.031567 0.028535 0.029432	
20190522 000000 0.02937 0.030959 0.028166 0.029737	
20190521 000000 0.029343 0.029498 0.026883 0.029258	
20190520 000000 0.028966 0.029979 0.028226 0.029226	
20190519 000000 0.030101 0.030297 0.028489 0.028956	
20190518 000000 0.030012 0.030837 0.028909 0.030224	
20190517 000000 0.029497 0.03232 0.028018 0.030159	
20190516 000000 0.03356 0.03387 0.029573 0.029573	
20190515 000000 0.034682 0.0755 0.03 0.033727	
20190514 000000 0.035377 0.03701 0.034028 0.034624	
20190513 000000 0.034658 0.03781 0.03429 0.035668	
