20190611 000000 3.044e-05 3.111e-05 2.937e-05 3.006e-05	
20190610 000000 3.129e-05 3.192e-05 2.989e-05 3.043e-05	
20190609 000000 3.204e-05 3.399e-05 3.1e-05 3.13e-05	
20190608 000000 2.943e-05 3.399e-05 2.899e-05 3.206e-05	
20190607 000000 3.034e-05 3.277e-05 2.925e-05 2.947e-05	
20190606 000000 2.965e-05 3.05e-05 2.815e-05 3.035e-05	
20190605 000000 2.759e-05 2.969e-05 2.759e-05 2.966e-05	
20190604 000000 2.798e-05 2.8e-05 2.689e-05 2.785e-05	
20190603 000000 2.745e-05 2.833e-05 2.721e-05 2.753e-05	
20190602 000000 2.936e-05 2.952e-05 2.729e-05 2.749e-05	
20190601 000000 2.874e-05 2.955e-05 2.665e-05 2.941e-05	
20190531 000000 2.553e-05 2.912e-05 2.439e-05 2.875e-05	
20190530 000000 2.437e-05 2.879e-05 2.366e-05 2.552e-05	
20190529 000000 2.472e-05 2.678e-05 2.382e-05 2.432e-05	
20190528 000000 2.474e-05 2.546e-05 2.308e-05 2.476e-05	
20190527 000000 2.668e-05 2.728e-05 2.453e-05 2.473e-05	
20190526 000000 2.671e-05 2.72e-05 2.633e-05 2.669e-05	
20190525 000000 2.741e-05 2.765e-05 2.597e-05 2.67e-05	
20190524 000000 2.733e-05 2.766e-05 2.522e-05 2.74e-05	
20190523 000000 2.502e-05 2.738e-05 2.427e-05 2.735e-05	
20190522 000000 2.636e-05 2.665e-05 2.485e-05 2.501e-05	
20190521 000000 2.569e-05 3.074e-05 2.521e-05 2.636e-05	
20190520 000000 2.468e-05 2.583e-05 2.3e-05 2.569e-05	
20190519 000000 2.623e-05 2.701e-05 2.424e-05 2.501e-05	
20190518 000000 2.724e-05 2.733e-05 2.456e-05 2.617e-05	
20190517 000000 2.432e-05 2.767e-05 2.339e-05 2.722e-05	
20190516 000000 2.817e-05 2.817e-05 2.412e-05 2.433e-05	
20190515 000000 3.046e-05 3.099e-05 2.691e-05 2.817e-05	
20190514 000000 3.369e-05 3.489e-05 2.97e-05 3.046e-05	
20190513 000000 3.409e-05 3.54e-05 3.254e-05 3.37e-05	
