20190611 000000 8.67e-06 8.85e-06 8.31e-06 8.45e-06	
20190610 000000 8.73e-06 9e-06 8.38e-06 8.67e-06	
20190609 000000 8.47e-06 8.9e-06 8.34e-06 8.71e-06	
20190608 000000 8.55e-06 8.7e-06 7.99e-06 8.47e-06	
20190607 000000 8.59e-06 8.72e-06 8.18e-06 8.55e-06	
20190606 000000 8.26e-06 8.7e-06 7.92e-06 8.6e-06	
20190605 000000 7.6e-06 8.86e-06 7.56e-06 8.26e-06	
20190604 000000 7.75e-06 7.81e-06 7.4e-06 7.62e-06	
20190603 000000 7.92e-06 8.08e-06 7.7e-06 7.75e-06	
20190602 000000 8.01e-06 8.01e-06 7.72e-06 7.91e-06	
20190601 000000 8.1e-06 8.21e-06 7.69e-06 7.96e-06	
20190531 000000 8.06e-06 8.48e-06 7.72e-06 8.16e-06	
20190530 000000 8.29e-06 8.51e-06 7.51e-06 8.03e-06	
20190529 000000 8.39e-06 8.89e-06 8.18e-06 8.29e-06	
20190528 000000 8.62e-06 8.83e-06 8.2e-06 8.4e-06	
20190527 000000 9.08e-06 9.48e-06 8.51e-06 8.62e-06	
20190526 000000 9.15e-06 9.55e-06 9.01e-06 9.08e-06	
20190525 000000 9.39e-06 9.6e-06 8.89e-06 9.15e-06	
20190524 000000 1.004e-05 1.009e-05 9.23e-06 9.39e-06	
20190523 000000 9.26e-06 1.049e-05 9.19e-06 1.004e-05	
20190522 000000 9.4e-06 9.44e-06 8.87e-06 9.27e-06	
20190521 000000 9.45e-06 1e-05 9.06e-06 9.4e-06	
20190520 000000 9.12e-06 1.089e-05 8.92e-06 9.44e-06	
20190519 000000 9.6e-06 1.01e-05 8.71e-06 9.12e-06	
20190518 000000 9.71e-06 9.94e-06 8.76e-06 9.6e-06	
20190517 000000 8.85e-06 1.007e-05 8.42e-06 9.68e-06	
20190516 000000 9.61e-06 1.066e-05 8.58e-06 8.78e-06	
20190515 000000 1.021e-05 1.13e-05 9.38e-06 9.61e-06	
20190514 000000 1.065e-05 1.097e-05 9.63e-06 1.022e-05	
20190513 000000 1.08e-05 1.153e-05 1.05e-05 1.074e-05	
