20190611 000000 0.042703 0.043428 0.042081 0.042547	
20190610 000000 0.04171 0.043177 0.0411 0.042618	
20190609 000000 0.040674 0.041888 0.040554 0.041716	
20190608 000000 0.039763 0.041656 0.039359 0.040651	
20190607 000000 0.039407 0.040003 0.038847 0.039644	
20190606 000000 0.039691 0.041265 0.039093 0.039376	
20190605 000000 0.040641 0.041756 0.039206 0.039481	
20190604 000000 0.041937 0.042354 0.039728 0.040383	
20190603 000000 0.041948 0.0425 0.040776 0.041571	
20190602 000000 0.04207 0.043442 0.041594 0.041801	
20190601 000000 0.040722 0.043073 0.039525 0.042334	
20190531 000000 0.04048 0.043289 0.039706 0.040724	
20190530 000000 0.042633 0.043311 0.039264 0.04046	
20190529 000000 0.041315 0.043824 0.039743 0.04276	
20190528 000000 0.04173 0.043478 0.040742 0.041315	
20190527 000000 0.044425 0.044836 0.039743 0.041682	
20190526 000000 0.045186 0.045372 0.042922 0.044426	
20190525 000000 0.046192 0.046973 0.044032 0.045011	
20190524 000000 0.047403 0.048809 0.045361 0.046816	
20190523 000000 0.047319 0.048833 0.046043 0.047219	
20190522 000000 0.046813 0.047665 0.045371 0.047076	
20190521 000000 0.047425 0.048827 0.045576 0.046826	
20190520 000000 0.048665 0.049695 0.046923 0.047502	
20190519 000000 0.050457 0.05142 0.04621 0.048833	
20190518 000000 0.053361 0.054252 0.049219 0.050044	
20190517 000000 0.047236 0.054531 0.045399 0.053362	
20190516 000000 0.053892 0.054503 0.046342 0.047301	
20190515 000000 0.059537 0.060259 0.050216 0.053794	
20190514 000000 0.064117 0.067798 0.056877 0.059543	
20190513 000000 0.067566 0.070002 0.060626 0.064116	
