20190611 000000 9.07e-05 9.794e-05 8.757e-05 9.262e-05	
20190610 000000 9.211e-05 9.668e-05 8.874e-05 9.072e-05	
20190609 000000 9.238e-05 9.544e-05 8.914e-05 9.211e-05	
20190608 000000 9.468e-05 0.00010046 9.1e-05 9.237e-05	
20190607 000000 8.924e-05 9.696e-05 8.753e-05 9.439e-05	
20190606 000000 8.565e-05 8.941e-05 8.312e-05 8.922e-05	
20190605 000000 9.281e-05 9.394e-05 8.44e-05 8.546e-05	
20190604 000000 8.012e-05 9.493e-05 7.963e-05 9.263e-05	
20190603 000000 7.814e-05 8.071e-05 7.544e-05 8.015e-05	
20190602 000000 7.391e-05 7.917e-05 7.338e-05 7.815e-05	
20190601 000000 7.546e-05 7.636e-05 7.166e-05 7.391e-05	
20190531 000000 7.515e-05 7.754e-05 7.35e-05 7.546e-05	
20190530 000000 7.898e-05 7.954e-05 7.311e-05 7.525e-05	
20190529 000000 7.684e-05 8.037e-05 7.499e-05 7.888e-05	
20190528 000000 7.406e-05 8.019e-05 7.305e-05 7.687e-05	
20190527 000000 7.686e-05 7.795e-05 7.094e-05 7.4e-05	
20190526 000000 7.56e-05 8.15e-05 7.537e-05 7.698e-05	
20190525 000000 7.913e-05 7.989e-05 7.46e-05 7.56e-05	
20190524 000000 8.476e-05 8.581e-05 7.763e-05 7.912e-05	
20190523 000000 7.953e-05 8.858e-05 7.876e-05 8.49e-05	
20190522 000000 8.064e-05 8.594e-05 7.533e-05 7.937e-05	
20190521 000000 6.902e-05 8.159e-05 6.812e-05 8.022e-05	
20190520 000000 6.974e-05 7.069e-05 6.745e-05 6.905e-05	
20190519 000000 7.186e-05 7.317e-05 6.907e-05 6.965e-05	
20190518 000000 7.297e-05 7.37e-05 7.145e-05 7.197e-05	
20190517 000000 7.319e-05 7.441e-05 6.919e-05 7.3e-05	
20190516 000000 8.309e-05 8.75e-05 7.2e-05 7.273e-05	
20190515 000000 8.763e-05 9.397e-05 8.101e-05 8.315e-05	
20190514 000000 8.468e-05 8.814e-05 8.116e-05 8.742e-05	
20190513 000000 8.542e-05 8.893e-05 8.35e-05 8.461e-05	
