20190611 000000 2.63e-06 2.73e-06 2.56e-06 2.69e-06	
20190610 000000 2.92e-06 2.92e-06 2.5e-06 2.63e-06	
20190609 000000 3.06e-06 3.19e-06 2.87e-06 2.91e-06	
20190608 000000 2.8e-06 3.16e-06 2.76e-06 3.05e-06	
20190607 000000 3.14e-06 3.24e-06 2.67e-06 2.81e-06	
20190606 000000 2.51e-06 3.19e-06 2.46e-06 3.14e-06	
20190605 000000 2.56e-06 2.62e-06 2.29e-06 2.51e-06	
20190604 000000 2.67e-06 2.72e-06 2.52e-06 2.56e-06	
20190603 000000 2.65e-06 2.91e-06 2.56e-06 2.63e-06	
20190602 000000 2.68e-06 2.71e-06 2.55e-06 2.66e-06	
20190601 000000 2.75e-06 2.8e-06 2.56e-06 2.67e-06	
20190531 000000 2.83e-06 2.98e-06 2.69e-06 2.75e-06	
20190530 000000 2.91e-06 3.28e-06 2.66e-06 2.83e-06	
20190529 000000 2.82e-06 2.97e-06 2.65e-06 2.91e-06	
20190528 000000 2.62e-06 3.16e-06 2.56e-06 2.82e-06	
20190527 000000 2.64e-06 2.72e-06 2.4e-06 2.68e-06	
20190526 000000 2.61e-06 2.67e-06 2.54e-06 2.64e-06	
20190525 000000 2.56e-06 2.67e-06 2.48e-06 2.61e-06	
20190524 000000 2.6e-06 2.64e-06 2.47e-06 2.58e-06	
20190523 000000 2.46e-06 2.83e-06 2.42e-06 2.6e-06	
20190522 000000 2.62e-06 2.7e-06 2.38e-06 2.45e-06	
20190521 000000 2.69e-06 2.74e-06 2.49e-06 2.61e-06	
20190520 000000 2.79e-06 2.91e-06 2.55e-06 2.69e-06	
20190519 000000 2.88e-06 3.2e-06 2.53e-06 2.79e-06	
20190518 000000 3.08e-06 3.16e-06 2.63e-06 2.89e-06	
20190517 000000 2.48e-06 3.3e-06 2.24e-06 3.09e-06	
20190516 000000 2.63e-06 2.83e-06 2.19e-06 2.44e-06	
20190515 000000 2.71e-06 2.74e-06 2.48e-06 2.64e-06	
20190514 000000 3.13e-06 3.13e-06 2.6e-06 2.71e-06	
20190513 000000 3.39e-06 3.43e-06 3.01e-06 3.09e-06	
