20190611 000000 7.965e-05 7.966e-05 7.379e-05 7.614e-05	
20190610 000000 7.967e-05 8.272e-05 7.36e-05 7.965e-05	
20190609 000000 8.037e-05 8.243e-05 7.612e-05 8.084e-05	
20190608 000000 7.922e-05 8.207e-05 7.7e-05 8.047e-05	
20190607 000000 7.588e-05 7.983e-05 7.384e-05 7.846e-05	
20190606 000000 7.48e-05 7.699e-05 7.207e-05 7.619e-05	
20190605 000000 7.112e-05 7.7e-05 6.5e-05 7.699e-05	
20190604 000000 7.314e-05 8.031e-05 6.749e-05 7.012e-05	
20190603 000000 7.598e-05 7.639e-05 7.132e-05 7.397e-05	
20190602 000000 7.695e-05 8.055e-05 7.305e-05 7.559e-05	
20190601 000000 7.566e-05 7.817e-05 7.046e-05 7.751e-05	
20190531 000000 7.075e-05 9.189e-05 6.912e-05 7.555e-05	
20190530 000000 7.19e-05 7.469e-05 6.91e-05 7.058e-05	
20190529 000000 7.204e-05 7.549e-05 7.135e-05 7.208e-05	
20190528 000000 7.142e-05 7.724e-05 6.959e-05 7.303e-05	
20190527 000000 7.625e-05 7.68e-05 7e-05 7.145e-05	
20190526 000000 7.727e-05 7.736e-05 7.36e-05 7.612e-05	
20190525 000000 7.752e-05 7.89e-05 7.275e-05 7.655e-05	
20190524 000000 7.621e-05 7.997e-05 7.289e-05 7.752e-05	
20190523 000000 7.488e-05 8.394e-05 7.191e-05 7.622e-05	
20190522 000000 8.289e-05 8.354e-05 7.276e-05 7.488e-05	
20190521 000000 8.676e-05 8.843e-05 7.5e-05 8.306e-05	
20190520 000000 7.795e-05 9.765e-05 7.768e-05 8.734e-05	
20190519 000000 8.565e-05 9.578e-05 7.182e-05 7.772e-05	
20190518 000000 0.00011493 0.00011663 7.837e-05 8.578e-05	
20190517 000000 6.728e-05 0.00016264 6.324e-05 0.0001161	
20190516 000000 7.138e-05 7.491e-05 6.219e-05 6.445e-05	
20190515 000000 7.872e-05 9.4e-05 6.679e-05 7.09e-05	
20190514 000000 8.158e-05 8.999e-05 7.108e-05 7.869e-05	
20190513 000000 8.687e-05 8.8e-05 7.944e-05 8.244e-05	
