20190611 000000 0.00135868 0.00136086 0.00130889 0.00132692	
20190610 000000 0.00136833 0.00138514 0.00133398 0.00135614	
20190609 000000 0.00136602 0.00138936 0.00135762 0.00137041	
20190608 000000 0.00131035 0.00151682 0.00130311 0.0013658	
20190607 000000 0.0013008 0.00132189 0.00128375 0.00131092	
20190606 000000 0.00127887 0.00134427 0.00126728 0.00130151	
20190605 000000 0.00127036 0.00130612 0.00124326 0.00128049	
20190604 000000 0.00127174 0.0012889 0.00123943 0.00127336	
20190603 000000 0.00125856 0.00130026 0.00125607 0.00127463	
20190602 000000 0.00126571 0.00129633 0.00123096 0.00126035	
20190601 000000 0.00128459 0.00130478 0.00124525 0.00126571	
20190531 000000 0.00127281 0.00130272 0.00123694 0.00127623	
20190530 000000 0.00127424 0.00132652 0.00121582 0.00126219	
20190529 000000 0.00123549 0.00128018 0.00121759 0.001274	
20190528 000000 0.00123096 0.00126765 0.00120642 0.00123116	
20190527 000000 0.00126273 0.00126868 0.00121949 0.00122917	
20190526 000000 0.00126584 0.00130335 0.00125747 0.00126684	
20190525 000000 0.0012507 0.0012783 0.00122667 0.0012638	
20190524 000000 0.0012497 0.00135452 0.00124294 0.00125197	
20190523 000000 0.00127042 0.00129348 0.00123394 0.00124983	
20190522 000000 0.00127741 0.00131381 0.00125773 0.00127046	
20190521 000000 0.00129293 0.00130272 0.00123129 0.00127735	
20190520 000000 0.00128563 0.00132306 0.00126814 0.00129297	
20190519 000000 0.00135876 0.00143911 0.00127943 0.00128651	
20190518 000000 0.00132253 0.00135856 0.0012705 0.00135707	
20190517 000000 0.00128379 0.0013417 0.00123506 0.00132438	
20190516 000000 0.00141818 0.00155048 0.00126534 0.00128171	
20190515 000000 0.00148841 0.0015413 0.00136891 0.00140942	
20190514 000000 0.00142347 0.00148925 0.00137549 0.00148925	
20190513 000000 0.00143637 0.00149683 0.0014156 0.0014275	
