20190611 000000 0.019993 0.02 0.018501 0.018803	
20190610 000000 0.021587 0.021608 0.019088 0.019993	
20190609 000000 0.017481 0.021947 0.0173 0.021586	
20190608 000000 0.01787 0.018725 0.017404 0.017533	
20190607 000000 0.017024 0.0189 0.0163 0.017898	
20190606 000000 0.016586 0.01801 0.016483 0.017025	
20190605 000000 0.016195 0.017188 0.015229 0.01659	
20190604 000000 0.016849 0.016898 0.015162 0.0162	
20190603 000000 0.017009 0.0185 0.016602 0.016854	
20190602 000000 0.016896 0.017449 0.016428 0.017008	
20190601 000000 0.016598 0.01761 0.016479 0.016876	
20190531 000000 0.018319 0.018388 0.016018 0.016645	
20190530 000000 0.017654 0.018478 0.0172 0.018319	
20190529 000000 0.018031 0.0185 0.016983 0.017665	
20190528 000000 0.018601 0.018725 0.01759 0.018059	
20190527 000000 0.017629 0.0192 0.017351 0.018612	
20190526 000000 0.018052 0.019612 0.017111 0.017664	
20190525 000000 0.016628 0.018699 0.016282 0.018058	
20190524 000000 0.015759 0.0171 0.015639 0.016654	
20190523 000000 0.016313 0.016364 0.0151 0.015759	
20190522 000000 0.01655 0.017013 0.015622 0.016299	
20190521 000000 0.016039 0.0175 0.0158 0.01655	
20190520 000000 0.016751 0.018099 0.015624 0.016067	
20190519 000000 0.016572 0.017215 0.016 0.016751	
20190518 000000 0.015536 0.016743 0.014919 0.016582	
20190517 000000 0.018357 0.018489 0.015097 0.015539	
20190516 000000 0.017409 0.02088 0.016699 0.01835	
20190515 000000 0.016373 0.017912 0.015999 0.017488	
20190514 000000 0.015989 0.017592 0.015247 0.016373	
20190513 000000 0.015374 0.017101 0.01509 0.016053	
