20190611 000000 0.083317 0.085586 0.081779 0.083177	
20190610 000000 0.080508 0.084357 0.077039 0.083309	
20190609 000000 0.08369 0.08406 0.080321 0.080486	
20190608 000000 0.085243 0.087033 0.082722 0.083648	
20190607 000000 0.080626 0.085813 0.07802 0.085237	
20190606 000000 0.080019 0.083503 0.078392 0.080621	
20190605 000000 0.085915 0.08618 0.079255 0.08002	
20190604 000000 0.091875 0.0985 0.08303 0.08583	
20190603 000000 0.093744 0.09907 0.089 0.091927	
20190602 000000 0.087255 0.097512 0.087033 0.093776	
20190601 000000 0.085252 0.090492 0.084698 0.087277	
20190531 000000 0.095694 0.09616 0.080464 0.085289	
20190530 000000 0.092083 0.096821 0.089585 0.095603	
20190529 000000 0.089307 0.093397 0.085501 0.092083	
20190528 000000 0.088864 0.093618 0.086273 0.089308	
20190527 000000 0.079818 0.091 0.07967 0.088864	
20190526 000000 0.080479 0.0811 0.078109 0.079784	
20190525 000000 0.081634 0.08278 0.07951 0.08048	
20190524 000000 0.077793 0.082999 0.07702 0.081794	
20190523 000000 0.082953 0.083176 0.073703 0.077799	
20190522 000000 0.083458 0.0857 0.080003 0.082948	
20190521 000000 0.081894 0.086868 0.081835 0.083487	
20190520 000000 0.084591 0.0881 0.079145 0.081909	
20190519 000000 0.080809 0.086589 0.078391 0.084591	
20190518 000000 0.077735 0.085 0.075638 0.080863	
20190517 000000 0.093523 0.094565 0.0755 0.077766	
20190516 000000 0.087944 0.100748 0.083075 0.093425	
20190515 000000 0.078793 0.088667 0.077645 0.087944	
20190514 000000 0.074891 0.082335 0.072045 0.078792	
20190513 000000 0.069196 0.0752 0.068551 0.074891	
