20190611 000000 0.5263 0.5437 0.5109 0.5191	
20190610 000000 0.5026 0.5602 0.4902 0.526	
20190609 000000 0.5006 0.53 0.49 0.5026	
20190608 000000 0.5081 0.529 0.4938 0.5006	
20190607 000000 0.4966 0.5132 0.4833 0.5073	
20190606 000000 0.4939 0.5132 0.4883 0.4976	
20190605 000000 0.5237 0.5399 0.4896 0.4939	
20190604 000000 0.5329 0.536 0.479 0.5238	
20190603 000000 0.5553 0.5637 0.5195 0.5368	
20190602 000000 0.5371 0.557 0.53 0.556	
20190601 000000 0.5321 0.567 0.526 0.5373	
20190531 000000 0.5937 0.5956 0.5216 0.5321	
20190530 000000 0.5773 0.6049 0.5647 0.5933	
20190529 000000 0.5919 0.6032 0.5504 0.5773	
20190528 000000 0.5969 0.6112 0.5718 0.5914	
20190527 000000 0.5743 0.6111 0.5583 0.5971	
20190526 000000 0.5867 0.6159 0.5552 0.5731	
20190525 000000 0.5709 0.6 0.5478 0.5879	
20190524 000000 0.5435 0.5793 0.53 0.5709	
20190523 000000 0.5846 0.5846 0.5113 0.542	
20190522 000000 0.5281 0.592 0.5274 0.59	
20190521 000000 0.5152 0.542 0.5074 0.5279	
20190520 000000 0.537 0.565 0.4995 0.5145	
20190519 000000 0.5098 0.548 0.4939 0.537	
20190518 000000 0.4963 0.528 0.4846 0.5098	
20190517 000000 0.5925 0.65 0.482 0.4961	
20190516 000000 0.5449 0.66 0.5 0.5925	
20190515 000000 0.5008 0.551 0.4819 0.5448	
20190514 000000 0.4783 0.5141 0.462 0.5	
20190513 000000 0.4487 0.4984 0.4422 0.4791	
