20190611 000000 5.9357 6.144 5.778 5.8184	
20190610 000000 5.8903 6.08 5.6948 5.9306	
20190609 000000 6.0915 6.1853 5.83 5.887	
20190608 000000 6.4608 6.505 6.0 6.0915	
20190607 000000 5.8142 6.5568 5.73 6.4618	
20190606 000000 5.6811 6.191 5.6259 5.8122	
20190605 000000 6.3403 6.481 5.6126 5.6811	
20190604 000000 6.8683 7.28 6.1541 6.3371	
20190603 000000 5.9366 6.9425 5.8175 6.8768	
20190602 000000 5.7468 5.99 5.5777 5.9293	
20190601 000000 5.6991 6.3332 5.6054 5.7464	
20190531 000000 5.8939 6.0773 5.2168 5.6991	
20190530 000000 4.7271 6.6 4.6678 5.8915	
20190529 000000 4.6164 4.9 4.4969 4.7254	
20190528 000000 4.549 4.6945 4.4833 4.6167	
20190527 000000 4.306 4.6804 4.2782 4.554	
20190526 000000 4.4272 4.463 4.2344 4.3053	
20190525 000000 4.598 4.76 4.4236 4.427	
20190524 000000 4.2669 4.7652 4.1449 4.6085	
20190523 000000 4.515 4.5805 4.1 4.2643	
20190522 000000 4.6073 4.82 4.38 4.5147	
20190521 000000 4.7437 4.858 4.4888 4.6102	
20190520 000000 5.0076 5.0882 4.45 4.7405	
20190519 000000 4.9499 5.168 4.65 5.008	
20190518 000000 4.3502 4.95 4.296 4.9499	
20190517 000000 4.3085 4.8122 3.968 4.3539	
20190516 000000 4.2992 4.7899 4.0 4.303	
20190515 000000 3.8976 4.4275 3.8308 4.3	
20190514 000000 3.9624 4.1213 3.8351 3.8987	
20190513 000000 3.7813 4.198 3.7253 3.9524	
