20190611 000000 390.8 396.91 377.9 380.47	
20190610 000000 382.26 398.93 371.0 390.8	
20190609 000000 395.76 396.52 379.5 382.24	
20190608 000000 395.67 409.0 388.11 396.21	
20190607 000000 385.57 402.0 369.0 395.65	
20190606 000000 385.22 403.92 379.75 385.79	
20190605 000000 393.71 415.0 364.05 385.51	
20190604 000000 424.01 429.16 379.98 393.8	
20190603 000000 439.36 448.0 417.0 424.02	
20190602 000000 434.16 449.5 427.0 439.35	
20190601 000000 427.62 448.99 423.0 434.38	
20190531 000000 472.93 476.19 405.0 428.2	
20190530 000000 463.92 482.0 450.01 472.93	
20190529 000000 431.73 466.0 420.0 463.39	
20190528 000000 438.42 458.0 417.0 431.73	
20190527 000000 403.09 447.0 398.92 438.61	
20190526 000000 405.87 407.21 388.5 403.06	
20190525 000000 414.74 421.0 402.85 405.83	
20190524 000000 393.62 421.46 387.11 414.85	
20190523 000000 413.81 413.85 368.0 393.62	
20190522 000000 414.21 425.0 397.22 413.56	
20190521 000000 405.6 445.47 395.7 414.06	
20190520 000000 411.8 430.8 380.01 405.61	
20190519 000000 359.93 420.0 354.65 411.57	
20190518 000000 346.87 374.47 336.5 359.92	
20190517 000000 418.54 430.0 339.0 347.0	
20190516 000000 383.53 450.0 378.3 418.53	
20190515 000000 378.8 395.98 362.85 383.42	
20190514 000000 387.6 409.5 375.0 378.3	
20190513 000000 343.88 393.89 338.94 387.61	
