20190611 000000 0.262921 0.29 0.26292 0.28011	
20190610 000000 0.247854 0.27 0.240215 0.262841	
20190609 000000 0.257555 0.258412 0.244492 0.247863	
20190608 000000 0.256408 0.262583 0.25534 0.257562	
20190607 000000 0.254021 0.262617 0.238986 0.256408	
20190606 000000 0.253989 0.261959 0.251226 0.254001	
20190605 000000 0.262695 0.26839 0.250001 0.251135	
20190604 000000 0.275954 0.284799 0.253 0.262683	
20190603 000000 0.293689 0.29666 0.273249 0.274665	
20190602 000000 0.299479 0.303571 0.290105 0.293689	
20190601 000000 0.302502 0.316277 0.2968 0.299479	
20190531 000000 0.335804 0.336599 0.292372 0.302503	
20190530 000000 0.327033 0.337535 0.318 0.335829	
20190529 000000 0.338144 0.344997 0.325002 0.327035	
20190528 000000 0.344744 0.348559 0.335939 0.33766	
20190527 000000 0.343255 0.3583 0.332733 0.344744	
20190526 000000 0.363882 0.37194 0.328926 0.342354	
20190525 000000 0.357615 0.38536 0.341 0.363131	
20190524 000000 0.328368 0.392411 0.327879 0.358231	
20190523 000000 0.321297 0.339263 0.303347 0.328368	
20190522 000000 0.330456 0.337078 0.311226 0.32127	
20190521 000000 0.33075 0.349582 0.313543 0.330457	
20190520 000000 0.320008 0.349988 0.301469 0.330119	
20190519 000000 0.302899 0.326 0.301046 0.322261	
20190518 000000 0.281952 0.325015 0.263329 0.302447	
20190517 000000 0.320412 0.33 0.2703 0.282726	
20190516 000000 0.319351 0.355 0.3035 0.321297	
20190515 000000 0.302477 0.324444 0.3 0.319357	
20190514 000000 0.289307 0.316 0.273 0.301831	
20190513 000000 0.2647 0.295 0.26448 0.289242	
