20190611 000000 188.2564 192.6002 181.1579 184.2464	
20190610 000000 191.0001 193.7958 178.0 188.2558	
20190609 000000 192.1052 198.0 187.577 191.0995	
20190608 000000 201.1925 208.7129 187.1792 192.1955	
20190607 000000 188.231 206.4477 172.3291 201.0871	
20190606 000000 204.2001 216.634 185.88 188.1721	
20190605 000000 227.1847 233.0855 201.3646 204.2001	
20190604 000000 215.2926 238.3553 204.0 227.3522	
20190603 000000 188.1148 230.0 186.4044 215.2932	
20190602 000000 190.6121 195.0 182.9935 188.2467	
20190601 000000 182.0 195.897 180.2531 190.3868	
20190531 000000 206.6326 206.6326 172.1664 182.1032	
20190530 000000 187.4182 251.0 173.1646 206.6325	
20190529 000000 120.2437 196.8599 113.9258 187.6118	
20190528 000000 118.6302 127.5 110.0 120.1027	
20190527 000000 105.343 122.8348 101.1112 118.6299	
20190526 000000 89.9077 117.5277 88.8393 105.3428	
20190525 000000 98.7912 100.4765 85.37 90.0125	
20190524 000000 101.4289 102.9373 96.08 98.8838	
20190523 000000 101.0807 110.744 95.0 101.2533	
20190522 000000 100.0001 119.0 91.3821 101.0577	
20190521 000000 62.1098 195.0 61.4076 100.0	
20190520 000000 63.7622 66.6599 60.2091 62.1374	
20190519 000000 60.5212 65.4002 59.5216 63.6898	
20190518 000000 57.593 61.2302 56.1749 60.5212	
20190517 000000 67.7022 69.0 55.7258 57.5404	
20190516 000000 69.7393 75.6795 63.4737 67.7023	
20190515 000000 59.4578 71.7202 58.9 69.7393	
20190514 000000 61.1534 64.2222 58.38 59.5	
20190513 000000 56.0532 61.3106 55.9475 61.0885	
