20190611 000000 7912.9 8010.0 7711.72 7772.23	
20190610 000000 7720.04 8016.69 7508.0 7912.1	
20190609 000000 7921.09 7943.55 7669.49 7720.03	
20190608 000000 7930.21 8094.0 7843.27 7921.87	
20190607 000000 7691.22 7998.0 7450.0 7930.21	
20190606 000000 7628.11 7910.0 7580.0 7691.22	
20190605 000000 7944.75 7980.28 7479.35 7628.12	
20190604 000000 8477.94 8585.0 7800.0 7946.31	
20190603 000000 8679.36 8755.99 8330.21 8477.94	
20190602 000000 8528.27 8812.46 8468.01 8678.77	
20190601 000000 8351.65 8622.0 8294.25 8528.14	
20190531 000000 8928.99 9063.92 8010.0 8351.67	
20190530 000000 8684.86 8950.0 8550.0 8928.99	
20190529 000000 8683.89 8789.2 8425.01 8683.0	
20190528 000000 8802.03 8906.78 8540.0 8683.9	
20190527 000000 7981.33 8888.0 7938.41 8802.0	
20190526 000000 8015.75 8059.99 7858.0 7981.33	
20190525 000000 8040.11 8122.14 7901.0 8015.75	
20190524 000000 7754.83 8084.0 7704.33 8040.11	
20190523 000000 7937.96 7948.44 7467.84 7754.85	
20190522 000000 7891.7 8035.0 7729.48 7937.96	
20190521 000000 7836.69 8080.0 7680.0 7894.16	
20190520 000000 7961.07 8286.64 7560.0 7836.69	
20190519 000000 7343.46 8090.0 7230.0 7961.07	
20190518 000000 7097.35 7450.0 6990.0 7343.46	
20190517 000000 8003.12 8035.4 6925.14 7097.35	
20190516 000000 7991.46 8310.0 7750.0 8003.11	
20190515 000000 7959.33 8145.0 7680.0 7991.46	
20190514 000000 7778.44 8343.41 7650.0 7959.33	
20190513 000000 6866.68 7856.41 6825.04 7778.44	
