20190611 000000 0.1375 0.144 0.1346 0.1368	
20190610 000000 0.127 0.1455 0.1246 0.1375	
20190609 000000 0.1338 0.1361 0.1265 0.127	
20190608 000000 0.1366 0.1398 0.132 0.1339	
20190607 000000 0.132 0.1388 0.1291 0.1365	
20190606 000000 0.1373 0.1444 0.1297 0.132	
20190605 000000 0.1407 0.1539 0.1276 0.1373	
20190604 000000 0.127 0.145 0.11 0.1406	
20190603 000000 0.1321 0.1359 0.1232 0.127	
20190602 000000 0.1305 0.137 0.1292 0.132	
20190601 000000 0.1263 0.1382 0.1255 0.1306	
20190531 000000 0.1389 0.1396 0.122 0.1261	
20190530 000000 0.1334 0.1396 0.1284 0.1389	
20190529 000000 0.1257 0.1395 0.1205 0.1334	
20190528 000000 0.1284 0.1331 0.1218 0.1257	
20190527 000000 0.1179 0.1298 0.1173 0.1284	
20190526 000000 0.1201 0.1209 0.116 0.1179	
20190525 000000 0.119 0.126 0.1175 0.1201	
20190524 000000 0.1139 0.1216 0.1131 0.1191	
20190523 000000 0.1196 0.1197 0.108 0.1139	
20190522 000000 0.117 0.1217 0.1166 0.1195	
20190521 000000 0.1177 0.1226 0.1158 0.1171	
20190520 000000 0.1224 0.1267 0.1136 0.1177	
20190519 000000 0.1163 0.1247 0.1147 0.1224	
20190518 000000 0.1138 0.1207 0.1108 0.1164	
20190517 000000 0.1407 0.1423 0.111 0.1139	
20190516 000000 0.1321 0.1495 0.12 0.1411	
20190515 000000 0.1106 0.1366 0.1079 0.132	
20190514 000000 0.1065 0.115 0.1017 0.1106	
20190513 000000 0.0982 0.1073 0.0982 0.1065	
