20190611 000000 0.0615 0.0621 0.0597 0.0601	
20190610 000000 0.0603 0.0633 0.0583 0.0615	
20190609 000000 0.0627 0.0633 0.06 0.0602	
20190608 000000 0.0627 0.064 0.0622 0.0627	
20190607 000000 0.0595 0.0637 0.0586 0.0627	
20190606 000000 0.0579 0.0613 0.0579 0.0595	
20190605 000000 0.0615 0.0619 0.0569 0.0577	
20190604 000000 0.0656 0.0666 0.0591 0.0614	
20190603 000000 0.0686 0.0693 0.0645 0.0656	
20190602 000000 0.0683 0.0702 0.0677 0.0687	
20190601 000000 0.0667 0.071 0.0663 0.0683	
20190531 000000 0.0717 0.0727 0.0622 0.0667	
20190530 000000 0.0702 0.0727 0.0685 0.0717	
20190529 000000 0.0697 0.0709 0.0658 0.0702	
20190528 000000 0.0705 0.0728 0.065 0.0698	
20190527 000000 0.0646 0.071 0.0643 0.0704	
20190526 000000 0.0658 0.0663 0.0632 0.0646	
20190525 000000 0.0646 0.0683 0.0638 0.0659	
20190524 000000 0.0622 0.0652 0.0617 0.0646	
20190523 000000 0.0659 0.066 0.0594 0.0621	
20190522 000000 0.0653 0.0666 0.0631 0.0659	
20190521 000000 0.0649 0.0671 0.0638 0.0654	
20190520 000000 0.0678 0.07 0.0621 0.0647	
20190519 000000 0.0639 0.0688 0.0629 0.0677	
20190518 000000 0.0613 0.0703 0.0605 0.0639	
20190517 000000 0.0754 0.0756 0.06 0.0614	
20190516 000000 0.0642 0.0798 0.0642 0.0754	
20190515 000000 0.059 0.0658 0.0577 0.0642	
20190514 000000 0.0575 0.062 0.0547 0.0588	
20190513 000000 0.0534 0.0586 0.0529 0.0577	
