20190611 000000 0.00121663 0.00123785 0.00115817 0.00117054	
20190610 000000 0.00123006 0.0012473 0.00113116 0.00121688	
20190609 000000 0.00128746 0.00128746 0.00122742 0.00123016	
20190608 000000 0.0013239 0.00136396 0.00126512 0.00128853	
20190607 000000 0.0012359 0.00133888 0.0012011 0.00132433	
20190606 000000 0.0012378 0.00132774 0.0012162 0.00123549	
20190605 000000 0.00138996 0.00140222 0.00122758 0.00123844	
20190604 000000 0.001539 0.00158311 0.00131784 0.00138999	
20190603 000000 0.00166417 0.00166664 0.0015 0.001539	
20190602 000000 0.0016613 0.00172706 0.00162734 0.00166404	
20190601 000000 0.00149836 0.00170596 0.00147003 0.0016613	
20190531 000000 0.00169249 0.00169989 0.00132 0.0014984	
20190530 000000 0.00171723 0.00173295 0.00162 0.00169377	
20190529 000000 0.00169859 0.00182034 0.00160191 0.00171855	
20190528 000000 0.00160733 0.001865 0.00147659 0.00169859	
20190527 000000 0.00133866 0.00165343 0.00129095 0.00160733	
20190526 000000 0.00122646 0.00139998 0.0011755 0.00133866	
20190525 000000 0.00128129 0.0013 0.00121303 0.00122578	
20190524 000000 0.00116468 0.00134119 0.00116107 0.00128135	
20190523 000000 0.00112629 0.00118927 0.00102046 0.00116468	
20190522 000000 0.00123107 0.00128512 0.00109514 0.00112635	
20190521 000000 0.00100501 0.00134523 0.00099398 0.00123081	
20190520 000000 0.00108832 0.00110399 0.00097613 0.00100356	
20190519 000000 0.0010425 0.00115 0.00095431 0.00108943	
20190518 000000 0.00078934 0.00112857 0.00078647 0.00104484	
20190517 000000 0.00089126 0.00093368 0.00076514 0.00078927	
20190516 000000 0.00083331 0.00098608 0.00082455 0.0008905	
20190515 000000 0.0008073 0.0008488 0.00078177 0.00083376	
20190514 000000 0.00072283 0.00083305 0.0007073 0.00080851	
20190513 000000 0.00063633 0.00075292 0.00063575 0.00072255	
