20190529 000000 0.04463 0.0458 0.042581 0.043433	
20190528 000000 0.044728 0.045608 0.04215 0.04463	
20190527 000000 0.041708 0.047 0.040899 0.044586	
20190526 000000 0.039951 0.041969 0.039 0.041701	
20190525 000000 0.040963 0.045678 0.039551 0.039945	
20190524 000000 0.039551 0.043212 0.038263 0.040963	
20190523 000000 0.040269 0.041076 0.03678 0.039551	
20190522 000000 0.03891 0.040854 0.038311 0.040222	
20190521 000000 0.037829 0.040033 0.03676 0.038893	
20190520 000000 0.038852 0.039839 0.036367 0.037824	
20190519 000000 0.038128 0.0398 0.0365 0.03885	
20190518 000000 0.036868 0.040485 0.035825 0.038168	
20190517 000000 0.040904 0.041 0.033943 0.036845	
20190516 000000 0.039456 0.0448 0.036 0.040901	
20190515 000000 0.035952 0.041256 0.033901 0.039594	
20190514 000000 0.03437 0.036523 0.032 0.035956	
20190513 000000 0.032598 0.0355 0.0321 0.034371	
20190512 000000 0.034962 0.03699 0.031759 0.032485	
20190511 000000 0.033676 0.036112 0.032102 0.035059	
20190510 000000 0.032542 0.034169 0.03109 0.033833	
20190509 000000 0.034943 0.035091 0.032 0.032542	
20190508 000000 0.032612 0.034943 0.0308 0.034943	
20190507 000000 0.031256 0.03438 0.031 0.032611	
20190506 000000 0.030432 0.031333 0.029312 0.031256	
20190505 000000 0.029778 0.0308 0.029669 0.030463	
20190504 000000 0.031226 0.031788 0.02963 0.029753	
20190503 000000 0.031114 0.031829 0.03 0.031067	
20190502 000000 0.03101 0.03173 0.030548 0.031113	
20190501 000000 0.031169 0.031924 0.03061 0.031002	
20190430 000000 0.030403 0.031499 0.0296 0.031127	
