20190611 000000 0.2169 0.2229 0.2004 0.2045	
20190610 000000 0.1903 0.2223 0.1815 0.2166	
20190609 000000 0.1883 0.2057 0.1815 0.1904	
20190608 000000 0.1836 0.192 0.1827 0.1883	
20190607 000000 0.178 0.186 0.1712 0.1836	
20190606 000000 0.1808 0.1866 0.1755 0.178	
20190605 000000 0.1806 0.1899 0.17 0.1808	
20190604 000000 0.1875 0.1955 0.1698 0.1803	
20190603 000000 0.2031 0.2076 0.1842 0.1867	
20190602 000000 0.2025 0.2083 0.1976 0.2034	
20190601 000000 0.2054 0.22 0.2005 0.2024	
20190531 000000 0.2268 0.2272 0.1953 0.2063	
20190530 000000 0.2152 0.2327 0.2035 0.2257	
20190529 000000 0.2055 0.2197 0.1952 0.2145	
20190528 000000 0.2076 0.2197 0.1956 0.2055	
20190527 000000 0.1985 0.2118 0.19 0.2078	
20190526 000000 0.192 0.2185 0.1846 0.1984	
20190525 000000 0.1819 0.21 0.1809 0.1921	
20190524 000000 0.1667 0.1824 0.1633 0.1803	
20190523 000000 0.1752 0.1767 0.158 0.1666	
20190522 000000 0.1781 0.1838 0.1643 0.1748	
20190521 000000 0.1734 0.18 0.1698 0.1782	
20190520 000000 0.1809 0.1838 0.1654 0.1735	
20190519 000000 0.1659 0.186 0.1632 0.1809	
20190518 000000 0.1606 0.1723 0.1561 0.1659	
20190517 000000 0.1916 0.1986 0.155 0.1605	
20190516 000000 0.183 0.2199 0.1711 0.1912	
20190515 000000 0.1649 0.1896 0.1628 0.1828	
20190514 000000 0.1547 0.17 0.149 0.1648	
20190513 000000 0.1461 0.1563 0.1451 0.1547	
