20190611 000000 0.0857 0.0975 0.0846 0.093	
20190610 000000 0.084 0.0866 0.0804 0.0857	
20190609 000000 0.0848 0.09 0.0821 0.0842	
20190608 000000 0.0818 0.091 0.0808 0.0848	
20190607 000000 0.077 0.0837 0.0744 0.0817	
20190606 000000 0.0783 0.0808 0.0761 0.0769	
20190605 000000 0.0802 0.081 0.075 0.0784	
20190604 000000 0.0833 0.0854 0.0776 0.0802	
20190603 000000 0.0859 0.09 0.0812 0.0833	
20190602 000000 0.081 0.087 0.0807 0.086	
20190601 000000 0.0805 0.0843 0.08 0.081	
20190531 000000 0.0885 0.0894 0.0769 0.0806	
20190530 000000 0.0863 0.093 0.0853 0.0881	
20190529 000000 0.0876 0.0891 0.083 0.0863	
20190528 000000 0.0889 0.09 0.0847 0.0877	
20190527 000000 0.0875 0.09 0.0834 0.0892	
20190526 000000 0.0824 0.093 0.082 0.0876	
20190525 000000 0.0822 0.0879 0.0807 0.0825	
20190524 000000 0.0819 0.0883 0.0814 0.0824	
20190523 000000 0.0818 0.0855 0.0735 0.0821	
20190522 000000 0.0779 0.0872 0.0776 0.082	
20190521 000000 0.0746 0.0805 0.0726 0.078	
20190520 000000 0.0783 0.0806 0.0723 0.0748	
20190519 000000 0.0765 0.0813 0.0758 0.0783	
20190518 000000 0.0703 0.0775 0.0693 0.076	
20190517 000000 0.0848 0.0851 0.0682 0.0703	
20190516 000000 0.0813 0.094 0.0743 0.0848	
20190515 000000 0.0762 0.0814 0.071 0.0812	
20190514 000000 0.0703 0.0775 0.0681 0.0762	
20190513 000000 0.0675 0.072 0.0668 0.0703	
