20190611 000000 146.86 151.44 143.46 143.93	
20190610 000000 141.22 147.74 139.0 146.77	
20190609 000000 145.78 146.41 140.56 141.13	
20190608 000000 147.96 152.24 144.6 145.84	
20190607 000000 143.25 149.16 138.38 148.06	
20190606 000000 142.62 149.08 141.76 143.27	
20190605 000000 153.99 154.33 140.38 142.8	
20190604 000000 160.75 162.91 148.41 153.95	
20190603 000000 166.11 166.5 158.72 160.75	
20190602 000000 164.63 167.88 162.0 166.11	
20190601 000000 160.55 167.42 159.47 164.63	
20190531 000000 173.9 175.88 156.04 160.56	
20190530 000000 171.33 175.53 165.47 174.01	
20190529 000000 170.07 173.62 160.64 171.29	
20190528 000000 165.08 170.14 162.14 170.14	
20190527 000000 152.88 166.42 152.31 165.0	
20190526 000000 154.55 156.18 151.5 152.85	
20190525 000000 158.98 160.55 152.95 154.55	
20190524 000000 152.42 162.18 150.0 158.94	
20190523 000000 162.21 162.47 145.51 152.41	
20190522 000000 166.62 168.67 159.64 162.2	
20190521 000000 164.45 170.94 158.97 166.73	
20190520 000000 154.54 176.91 152.35 164.45	
20190519 000000 139.14 155.22 136.9 154.49	
20190518 000000 132.95 140.55 130.0 139.09	
20190517 000000 155.69 156.0 128.49 132.64	
20190516 000000 147.43 164.27 144.35 155.71	
20190515 000000 140.03 153.24 135.05 147.4	
20190514 000000 132.84 143.2 129.15 140.03	
20190513 000000 118.5 136.5 118.48 132.8	
