20190611 000000 26.6126 27.9 26.4638 27.3319	
20190610 000000 26.3171 27.1523 25.7924 26.6126	
20190609 000000 26.6107 27.3682 26.0 26.308	
20190608 000000 26.2 27.5 26.0 26.6245	
20190607 000000 25.2733 26.1903 24.3169 26.1903	
20190606 000000 26.3902 26.6139 24.98 25.2897	
20190605 000000 26.1216 26.5 24.7204 26.3504	
20190604 000000 27.6843 28.2299 25.5001 26.1022	
20190603 000000 28.9675 29.0858 27.18 27.6862	
20190602 000000 28.3733 29.4294 28.09 28.9684	
20190601 000000 27.8611 29.3333 27.5028 28.3422	
20190531 000000 30.1227 30.42 27.0 27.8568	
20190530 000000 28.3805 32.0 28.0111 30.1455	
20190529 000000 27.9524 28.8113 27.33 28.4464	
20190528 000000 28.9171 29.5 27.6637 27.9239	
20190527 000000 27.6466 30.26 27.0 28.6942	
20190526 000000 27.9055 28.1522 27.1858 27.6181	
20190525 000000 28.402 28.9832 27.3219 27.9045	
20190524 000000 26.687 28.4498 26.6774 28.4026	
20190523 000000 29.3418 29.5516 25.6821 26.6705	
20190522 000000 29.48 29.894 28.0 29.3463	
20190521 000000 28.7856 30.199 28.18 29.3871	
20190520 000000 30.7212 30.9828 28.0 28.7856	
20190519 000000 29.1111 31.8864 28.5869 30.7066	
20190518 000000 27.4781 29.5101 27.0 29.0916	
20190517 000000 32.6106 33.4436 26.6623 27.3698	
20190516 000000 31.932 35.5998 30.8801 32.5146	
20190515 000000 28.6586 53.3558 23.5 31.881	
20190514 000000 29.2054 29.9741 27.9453 28.66	
20190513 000000 26.5592 29.9963 26.3175 29.2053	
