20190611 000000 0.003021 0.00306 0.002958 0.002974	
20190610 000000 0.002982 0.00306 0.002901 0.003021	
20190609 000000 0.00304 0.003074 0.002956 0.002979	
20190608 000000 0.003095 0.00312 0.003025 0.003037	
20190607 000000 0.003021 0.003118 0.002972 0.00309	
20190606 000000 0.002946 0.003062 0.002939 0.00302	
20190605 000000 0.003081 0.003081 0.002896 0.002944	
20190604 000000 0.00325 0.003299 0.003 0.00308	
20190603 000000 0.003377 0.003399 0.003205 0.003247	
20190602 000000 0.003338 0.003429 0.003294 0.003378	
20190601 000000 0.003254 0.003449 0.003254 0.003336	
20190531 000000 0.00357 0.00361 0.00311 0.003254	
20190530 000000 0.003122 0.00368 0.003112 0.00357	
20190529 000000 0.003105 0.00316 0.003019 0.003122	
20190528 000000 0.003172 0.003255 0.003072 0.003103	
20190527 000000 0.002936 0.00322 0.002929 0.003184	
20190526 000000 0.002943 0.002998 0.0029 0.002937	
20190525 000000 0.002976 0.003044 0.002874 0.002944	
20190524 000000 0.002874 0.003005 0.002858 0.002975	
20190523 000000 0.002972 0.002977 0.002799 0.002879	
20190522 000000 0.003014 0.00305 0.002918 0.002971	
20190521 000000 0.002942 0.003044 0.002888 0.003017	
20190520 000000 0.003088 0.003149 0.002871 0.002942	
20190519 000000 0.002945 0.003162 0.002904 0.003086	
20190518 000000 0.00277 0.002994 0.00273 0.002944	
20190517 000000 0.003253 0.003268 0.0026 0.002773	
20190516 000000 0.003119 0.003607 0.003 0.003253	
20190515 000000 0.003099 0.003213 0.002923 0.003121	
20190514 000000 0.002728 0.003103 0.00266 0.0031	
20190513 000000 0.002579 0.002773 0.002579 0.002733	
