20190611 000000 0.00148018 0.00150764 0.0013101 0.00139614	
20190610 000000 0.00149404 0.0015156 0.00140001 0.00148255	
20190609 000000 0.00145718 0.00152907 0.00140001 0.00149403	
20190608 000000 0.00151659 0.00156 0.00145 0.00145628	
20190607 000000 0.00145563 0.00157545 0.00141765 0.00151332	
20190606 000000 0.00129409 0.00149 0.00129293 0.00144972	
20190605 000000 0.00135865 0.001389 0.00126 0.00129452	
20190604 000000 0.00142343 0.00144882 0.00126126 0.00135967	
20190603 000000 0.00146849 0.00149566 0.00135339 0.00142196	
20190602 000000 0.00138498 0.00153 0.0013667 0.00146903	
20190601 000000 0.00135456 0.00143499 0.00133136 0.00138497	
20190531 000000 0.0015188 0.00153 0.00132428 0.00135376	
20190530 000000 0.00148194 0.00152778 0.00142728 0.00151385	
20190529 000000 0.00148607 0.00149292 0.00139774 0.00148198	
20190528 000000 0.00153706 0.00154676 0.00141598 0.00148607	
20190527 000000 0.00149079 0.00159211 0.0014729 0.00153728	
20190526 000000 0.00145907 0.0017 0.00142 0.00148875	
20190525 000000 0.00143545 0.00155 0.00139628 0.00145763	
20190524 000000 0.00137357 0.00145665 0.0013502 0.00143612	
20190523 000000 0.00140474 0.001499 0.00126789 0.00137602	
20190522 000000 0.0014168 0.00152278 0.0013403 0.00140435	
20190521 000000 0.00130828 0.00155555 0.00129563 0.00141363	
20190520 000000 0.0012897 0.0014389 0.00127501 0.00130743	
20190519 000000 0.00124156 0.0013 0.00120404 0.00128536	
20190518 000000 0.0011808 0.00127191 0.00115007 0.00124094	
20190517 000000 0.00138495 0.00138495 0.00113631 0.00118299	
20190516 000000 0.0013377 0.00152168 0.00122 0.00138458	
20190515 000000 0.00113041 0.00134776 0.00110706 0.0013377	
20190514 000000 0.00112827 0.00117999 0.00107 0.00112977	
20190513 000000 0.0011043 0.001166 0.00108511 0.00112617	
