20190611 000000 3.7896 4.03 3.52 3.548	
20190610 000000 3.2332 3.7908 3.211 3.7896	
20190609 000000 3.3243 3.4888 3.211 3.2326	
20190608 000000 3.2192 3.4391 3.1641 3.3254	
20190607 000000 3.1258 3.2714 3.0288 3.22	
20190606 000000 3.0395 3.1499 3.025 3.1126	
20190605 000000 3.2716 3.4533 3.02 3.0422	
20190604 000000 3.3967 3.4624 3.1 3.2715	
20190603 000000 3.502 3.54 3.3256 3.3916	
20190602 000000 3.5179 3.5617 3.4637 3.5144	
20190601 000000 3.3863 3.7 3.3633 3.5179	
20190531 000000 3.7594 3.7915 3.2683 3.3863	
20190530 000000 3.6589 3.827 3.52 3.767	
20190529 000000 3.7415 3.7437 3.48 3.6602	
20190528 000000 3.8364 3.8677 3.6501 3.7409	
20190527 000000 3.652 3.9 3.638 3.8386	
20190526 000000 3.6843 3.8125 3.615 3.6622	
20190525 000000 3.8419 3.91 3.61 3.6865	
20190524 000000 3.768 3.9 3.6021 3.8402	
20190523 000000 3.5454 4.5609 3.45 3.7698	
20190522 000000 3.4694 3.65 3.42 3.5454	
20190521 000000 3.432 3.5499 3.3286 3.4685	
20190520 000000 3.5118 3.65 3.297 3.432	
20190519 000000 3.4271 3.5738 3.3457 3.5087	
20190518 000000 3.3228 3.5666 3.2783 3.4285	
20190517 000000 3.8192 3.9 3.2683 3.3222	
20190516 000000 3.6418 4.2255 3.485 3.8195	
20190515 000000 3.3532 3.668 3.3435 3.6447	
20190514 000000 3.2641 3.4607 3.15 3.3567	
20190513 000000 3.1746 3.3582 3.1681 3.2748	
