20190611 000000 0.2078 0.2139 0.199 0.2028	
20190610 000000 0.1908 0.2182 0.1837 0.2075	
20190609 000000 0.1987 0.2023 0.1872 0.1909	
20190608 000000 0.2058 0.209 0.1942 0.1988	
20190607 000000 0.1898 0.2094 0.1812 0.206	
20190606 000000 0.1783 0.1959 0.1773 0.19	
20190605 000000 0.1929 0.1952 0.1763 0.1787	
20190604 000000 0.2057 0.2092 0.1837 0.1933	
20190603 000000 0.2148 0.2176 0.2015 0.2057	
20190602 000000 0.2126 0.231 0.2118 0.2147	
20190601 000000 0.2173 0.2297 0.2088 0.2126	
20190531 000000 0.2398 0.2424 0.203 0.2174	
20190530 000000 0.2387 0.243 0.2282 0.2394	
20190529 000000 0.2451 0.2493 0.23 0.2387	
20190528 000000 0.2446 0.2694 0.2343 0.2452	
20190527 000000 0.2332 0.2567 0.2318 0.2446	
20190526 000000 0.2481 0.275 0.2288 0.2333	
20190525 000000 0.2664 0.28 0.2423 0.2478	
20190524 000000 0.2234 0.3037 0.2188 0.2673	
20190523 000000 0.2192 0.227 0.2053 0.2232	
20190522 000000 0.2157 0.2336 0.2108 0.2193	
20190521 000000 0.2177 0.2218 0.2102 0.216	
20190520 000000 0.2211 0.238 0.206 0.2177	
20190519 000000 0.2007 0.224 0.1934 0.2213	
20190518 000000 0.1889 0.202 0.185 0.2007	
20190517 000000 0.2262 0.23 0.1844 0.189	
20190516 000000 0.2105 0.2387 0.2 0.2271	
20190515 000000 0.1766 0.22 0.1735 0.2098	
20190514 000000 0.1775 0.186 0.173 0.1763	
20190513 000000 0.1625 0.18 0.1612 0.1777	
