20190529 000000 7.962 8.23 7.523 8.1108	
20190528 000000 7.4293 8.2222 7.3079 7.9613	
20190527 000000 6.3193 7.5267 6.28 7.4292	
20190526 000000 6.348 6.4085 6.2 6.3188	
20190525 000000 6.3876 6.5899 6.2581 6.348	
20190524 000000 5.9042 6.4627 5.856 6.3877	
20190523 000000 6.2838 6.296 5.7234 5.9048	
20190522 000000 6.2249 6.3388 6.13 6.2836	
20190521 000000 6.1875 6.35 6.0767 6.225	
20190520 000000 6.2972 6.5777 5.9666 6.1875	
20190519 000000 5.9328 6.418 5.8602 6.2972	
20190518 000000 5.8207 6.079 5.72 5.9328	
20190517 000000 6.7236 6.7746 5.7121 5.8205	
20190516 000000 6.2362 6.8937 6.1706 6.7243	
20190515 000000 5.7416 6.3248 5.608 6.2362	
20190514 000000 5.6545 6.27 5.45 5.7338	
20190513 000000 5.2724 5.699 5.2396 5.6571	
20190512 000000 5.3971 5.8 5.2 5.2728	
20190511 000000 4.8228 5.4501 4.7821 5.3971	
20190510 000000 4.8157 4.949 4.581 4.8228	
20190509 000000 4.9109 4.9949 4.7924 4.8171	
20190508 000000 4.8516 4.9362 4.7635 4.9109	
20190507 000000 4.8189 5.0555 4.806 4.8517	
20190506 000000 4.8877 4.9334 4.633 4.8183	
20190505 000000 4.8481 5.02 4.8336 4.8869	
20190504 000000 5.0374 5.195 4.7727 4.849	
20190503 000000 4.7432 5.16 4.7016 5.0379	
20190502 000000 4.7552 4.8001 4.6277 4.7431	
20190501 000000 4.6937 4.8589 4.6622 4.755	
20190430 000000 4.4804 4.75 4.45 4.694	
