20190611 000000 8.1984 8.3288 8.0077 8.0356	
20190610 000000 8.1838 8.38 7.84 8.1984	
20190609 000000 8.3623 8.5183 8.0204 8.1841	
20190608 000000 8.056 8.8099 8.0108 8.3676	
20190607 000000 7.6994 8.099 7.31 8.0559	
20190606 000000 7.8368 8.1773 7.6252 7.701	
20190605 000000 8.9678 9.1115 7.5432 7.8358	
20190604 000000 9.6015 9.7907 8.7 8.9726	
20190603 000000 9.2588 9.8633 9.0 9.6015	
20190602 000000 8.652 9.4099 8.4691 9.2515	
20190601 000000 8.2376 8.8888 8.142 8.6521	
20190531 000000 8.7483 8.81 7.7891 8.2374	
20190530 000000 8.3367 8.9067 8.0719 8.7466	
20190529 000000 8.1532 8.4091 7.659 8.3305	
20190528 000000 7.8831 8.4888 7.3888 8.1495	
20190527 000000 7.2149 7.9533 7.1676 7.8838	
20190526 000000 7.2334 7.3 7.0818 7.2104	
20190525 000000 7.2833 7.4048 7.1523 7.2297	
20190524 000000 6.8911 7.3182 6.8651 7.2825	
20190523 000000 7.348 7.3884 6.6557 6.8888	
20190522 000000 7.3584 7.6231 7.1634 7.3441	
20190521 000000 7.3752 7.5248 7.2 7.363	
20190520 000000 7.6456 7.888 7.1084 7.3825	
20190519 000000 7.3205 7.8569 7.1381 7.6476	
20190518 000000 6.9843 7.422 6.708 7.3208	
20190517 000000 8.0671 8.099 6.8254 6.9854	
20190516 000000 7.2845 8.518 6.9415 8.0671	
20190515 000000 6.3574 7.3436 6.2371 7.2871	
20190514 000000 6.1544 6.7065 5.9695 6.3574	
20190513 000000 5.8118 6.2642 5.78 6.1517	
