20190611 000000 242.4 247.93 237.53 239.43	
20190610 000000 235.77 245.0 226.56 242.39	
20190609 000000 245.91 245.95 234.52 235.78	
20190608 000000 248.49 253.14 244.1 245.97	
20190607 000000 242.97 250.6 235.5 248.52	
20190606 000000 239.01 248.68 238.68 242.92	
20190605 000000 248.89 250.02 234.8 239.0	
20190604 000000 259.62 262.0 241.1 248.81	
20190603 000000 267.79 270.6 255.0 259.67	
20190602 000000 265.62 273.0 261.13 267.79	
20190601 000000 257.6 275.26 254.21 265.54	
20190531 000000 286.6 288.08 240.0 257.59	
20190530 000000 271.68 287.99 266.81 286.6	
20190529 000000 270.78 276.05 260.39 271.66	
20190528 000000 269.29 279.7 262.62 270.77	
20190527 000000 248.6 273.0 247.23 269.29	
20190526 000000 250.97 251.99 245.29 248.59	
20190525 000000 251.69 257.0 245.73 250.96	
20190524 000000 241.98 253.77 238.32 251.69	
20190523 000000 255.15 255.92 231.23 241.99	
20190522 000000 250.44 261.5 249.42 255.15	
20190521 000000 247.99 256.0 243.55 250.44	
20190520 000000 254.68 264.0 237.37 247.89	
20190519 000000 238.52 259.5 232.5 254.68	
20190518 000000 229.77 247.88 224.0 238.52	
20190517 000000 277.3 278.55 224.0 229.78	
20190516 000000 238.26 279.0 236.0 277.3	
20190515 000000 203.87 238.49 200.89 238.18	
20190514 000000 200.84 215.45 192.46 203.83	
20190513 000000 185.42 202.68 183.94 200.84	
