20190611 000000 0.0922 0.1111 0.0916 0.1014	
20190610 000000 0.0902 0.0929 0.0861 0.0921	
20190609 000000 0.0954 0.0987 0.0894 0.0902	
20190608 000000 0.0897 0.1069 0.0896 0.0956	
20190607 000000 0.0852 0.095 0.0829 0.0897	
20190606 000000 0.0835 0.0875 0.0833 0.085	
20190605 000000 0.0881 0.0883 0.0822 0.0837	
20190604 000000 0.0952 0.0964 0.0841 0.0878	
20190603 000000 0.0967 0.101 0.0926 0.095	
20190602 000000 0.0944 0.098 0.0931 0.0969	
20190601 000000 0.094 0.0986 0.0928 0.094	
20190531 000000 0.1067 0.1072 0.0901 0.0937	
20190530 000000 0.1072 0.108 0.102 0.1066	
20190529 000000 0.1007 0.1084 0.0987 0.1068	
20190528 000000 0.1009 0.1033 0.0971 0.1009	
20190527 000000 0.0957 0.1019 0.0935 0.1009	
20190526 000000 0.0961 0.1 0.0926 0.0958	
20190525 000000 0.096 0.1007 0.0928 0.0962	
20190524 000000 0.0869 0.1119 0.0855 0.0962	
20190523 000000 0.0912 0.0935 0.082 0.0869	
20190522 000000 0.0921 0.0996 0.0881 0.0914	
20190521 000000 0.088 0.0988 0.0864 0.092	
20190520 000000 0.0908 0.0924 0.0844 0.088	
20190519 000000 0.0877 0.0925 0.0837 0.0911	
20190518 000000 0.0815 0.0921 0.0804 0.0878	
20190517 000000 0.0991 0.1011 0.0789 0.0815	
20190516 000000 0.0844 0.1252 0.0836 0.0991	
20190515 000000 0.0755 0.0847 0.0743 0.0845	
20190514 000000 0.0729 0.0787 0.0705 0.0756	
20190513 000000 0.0699 0.0748 0.0696 0.0729	
