20190611 000000 2.1836 2.4968 2.0752 2.2682	
20190610 000000 2.0269 2.88 2.0013 2.1973	
20190609 000000 1.4648 2.1 1.4501 2.0336	
20190608 000000 1.4802 1.51 1.4511 1.4625	
20190607 000000 1.4551 1.5318 1.411 1.4813	
20190606 000000 1.3788 1.5771 1.3617 1.4549	
20190605 000000 1.2287 1.68 1.128 1.3791	
20190604 000000 1.1183 1.2476 1.0313 1.2287	
20190603 000000 1.1571 1.174 1.0998 1.1182	
20190602 000000 1.1492 1.1762 1.14 1.1582	
20190601 000000 1.1346 1.1801 1.111 1.1501	
20190531 000000 1.1576 1.2116 1.068 1.1349	
20190530 000000 1.1211 1.1759 1.1017 1.157	
20190529 000000 1.147 1.1577 1.0795 1.1213	
20190528 000000 1.1729 1.1742 1.1299 1.1469	
20190527 000000 1.1518 1.18 1.1148 1.1708	
20190526 000000 1.1037 1.17 1.0901 1.1512	
20190525 000000 1.1286 1.15 1.0922 1.1037	
20190524 000000 1.093 1.1468 1.09 1.1288	
20190523 000000 1.112 1.1522 1.0363 1.0941	
20190522 000000 1.1136 1.1419 1.0828 1.1122	
20190521 000000 1.0897 1.148 1.072 1.1136	
20190520 000000 1.0823 1.1093 1.0401 1.0895	
20190519 000000 1.0669 1.1 1.0431 1.0822	
20190518 000000 1.0353 1.0988 1.0 1.064	
20190517 000000 1.206 1.2222 0.998 1.0354	
20190516 000000 1.1927 1.29 1.1203 1.206	
20190515 000000 1.1057 1.22 1.0746 1.1935	
20190514 000000 1.1284 1.1888 1.0601 1.1095	
20190513 000000 1.0175 1.13 1.0175 1.1217	
