20190611 000000 0.632 0.6425 0.6171 0.6236	
20190610 000000 0.609 0.6384 0.5922 0.632	
20190609 000000 0.6256 0.629 0.6039 0.6091	
20190608 000000 0.6309 0.6568 0.6184 0.6257	
20190607 000000 0.6078 0.6338 0.5905 0.6314	
20190606 000000 0.602 0.6239 0.5982 0.6078	
20190605 000000 0.6285 0.6327 0.5889 0.6011	
20190604 000000 0.6694 0.6767 0.6104 0.6284	
20190603 000000 0.6922 0.6977 0.6578 0.6694	
20190602 000000 0.6891 0.7059 0.676 0.6921	
20190601 000000 0.666 0.707 0.661 0.6895	
20190531 000000 0.7215 0.7347 0.6322 0.6653	
20190530 000000 0.703 0.7267 0.6876 0.7225	
20190529 000000 0.6912 0.7074 0.668 0.7023	
20190528 000000 0.6885 0.713 0.673 0.6921	
20190527 000000 0.6183 0.7127 0.6147 0.6885	
20190526 000000 0.6204 0.6252 0.6083 0.6182	
20190525 000000 0.6254 0.6328 0.6125 0.6204	
20190524 000000 0.5886 0.63 0.5838 0.6248	
20190523 000000 0.6104 0.6115 0.5656 0.5891	
20190522 000000 0.6029 0.6162 0.5858 0.6104	
20190521 000000 0.5966 0.6147 0.5897 0.6033	
20190520 000000 0.6103 0.6362 0.5764 0.5968	
20190519 000000 0.5681 0.6209 0.5604 0.6102	
20190518 000000 0.5501 0.5826 0.5421 0.5681	
20190517 000000 0.6371 0.6403 0.5396 0.5502	
20190516 000000 0.6066 0.6611 0.5861 0.6379	
20190515 000000 0.5687 0.6095 0.5571 0.6066	
20190514 000000 0.5577 0.5971 0.5428 0.5674	
20190513 000000 0.509 0.5605 0.5055 0.5586	
