20190611 000000 2.2889 2.3979 2.1223 2.1676	
20190610 000000 2.4176 2.57 2.1623 2.2956	
20190609 000000 2.3463 3.0 2.3458 2.4176	
20190608 000000 2.1013 2.4578 2.0562 2.3498	
20190607 000000 1.91 2.2296 1.9 2.1014	
20190606 000000 1.7605 1.93 1.73 1.91	
20190605 000000 1.8531 1.9182 1.7236 1.77	
20190604 000000 1.7151 1.9219 1.5649 1.8563	
20190603 000000 1.7885 1.8666 1.6102 1.7223	
20190602 000000 1.751 1.838 1.6833 1.7912	
20190601 000000 1.6701 1.9888 1.66 1.7512	
20190531 000000 1.5376 1.888 1.3504 1.7671	
20190530 000000 1.3058 1.5998 1.2809 1.5376	
20190529 000000 1.2835 1.3309 1.217 1.3058	
20190528 000000 1.307 1.3493 1.2609 1.2817	
20190527 000000 1.2375 1.3322 1.2213 1.3077	
20190526 000000 1.2177 1.2678 1.2005 1.2376	
20190525 000000 1.2519 1.2688 1.21 1.2176	
20190524 000000 1.2068 1.27 1.1957 1.2533	
20190523 000000 1.2644 1.2714 1.1616 1.2081	
20190522 000000 1.2916 1.3184 1.234 1.2655	
20190521 000000 1.2535 1.3297 1.2382 1.2917	
20190520 000000 1.3021 1.33 1.211 1.2538	
20190519 000000 1.2681 1.3349 1.219 1.3021	
20190518 000000 1.2157 1.3666 1.2132 1.2682	
20190517 000000 1.37 1.5784 1.1926 1.2148	
20190516 000000 1.3404 1.55 1.25 1.37	
20190515 000000 1.1805 1.345 1.16 1.3404	
20190514 000000 1.1478 1.235 1.1202 1.1807	
20190513 000000 1.1034 1.1548 1.0903 1.1499	
