20190611 000000 0.000128 0.000132 0.000124 0.000126	
20190610 000000 0.000125 0.000133 0.000123 0.000129	
20190609 000000 0.00013 0.000133 0.000123 0.000124	
20190608 000000 0.000129 0.000132 0.000127 0.00013	
20190607 000000 0.000129 0.000135 0.000127 0.000128	
20190606 000000 0.000122 0.000131 0.000121 0.000129	
20190605 000000 0.000124 0.000133 0.00012 0.000122	
20190604 000000 0.000132 0.000133 0.000118 0.000124	
20190603 000000 0.000135 0.000138 0.000128 0.000131	
20190602 000000 0.000137 0.000139 0.000134 0.000135	
20190601 000000 0.000134 0.000139 0.000132 0.000137	
20190531 000000 0.000148 0.000149 0.000132 0.000134	
20190530 000000 0.000145 0.000149 0.000141 0.000148	
20190529 000000 0.000152 0.000152 0.00014 0.000145	
20190528 000000 0.000157 0.000157 0.000148 0.000152	
20190527 000000 0.000152 0.000158 0.000145 0.000157	
20190526 000000 0.000145 0.000155 0.000144 0.000152	
20190525 000000 0.000142 0.000166 0.00014 0.000145	
20190524 000000 0.00014 0.000148 0.000136 0.000142	
20190523 000000 0.000136 0.000148 0.000134 0.00014	
20190522 000000 0.000142 0.000149 0.000134 0.000137	
20190521 000000 0.000132 0.000146 0.000129 0.000143	
20190520 000000 0.000139 0.000143 0.000127 0.000132	
20190519 000000 0.000134 0.00014 0.000128 0.000138	
20190518 000000 0.000129 0.000139 0.000128 0.000133	
20190517 000000 0.00014 0.000141 0.000117 0.000128	
20190516 000000 0.000138 0.000153 0.000131 0.00014	
20190515 000000 0.000123 0.000143 0.000119 0.000138	
20190514 000000 0.00012 0.000124 0.000118 0.000122	
20190513 000000 0.000119 0.000125 0.000118 0.00012	
