20190611 000000 0.010303 0.010389 0.009697 0.009708	
20190610 000000 0.010512 0.0106 0.009678 0.010286	
20190609 000000 0.011157 0.0114 0.010192 0.010517	
20190608 000000 0.011826 0.011847 0.011011 0.011202	
20190607 000000 0.011837 0.011938 0.011322 0.011828	
20190606 000000 0.011582 0.012432 0.011163 0.011838	
20190605 000000 0.012469 0.01316 0.01113 0.011585	
20190604 000000 0.0137 0.014316 0.01078 0.012499	
20190603 000000 0.01 0.0197 0.01 0.013122	
20190602 000000 0.010542 0.010542 0.010542 0.010542	
20190601 000000 0.010542 0.010542 0.010542 0.010542	
20190531 000000 0.010065 0.011 0.009 0.010542	
20190530 000000 0.008783 0.010644 0.008678 0.010065	
20190529 000000 0.008327 0.008984 0.007999 0.008783	
20190528 000000 0.007477 0.008899 0.007397 0.008328	
20190527 000000 0.006982 0.007574 0.006896 0.007477	
20190526 000000 0.006685 0.0072 0.006672 0.006986	
20190525 000000 0.006774 0.007 0.006513 0.00668	
20190524 000000 0.006389 0.006828 0.006332 0.006781	
20190523 000000 0.006406 0.00646 0.0061 0.006387	
20190522 000000 0.006271 0.00666 0.006 0.006406	
20190521 000000 0.00623 0.006413 0.006171 0.006277	
20190520 000000 0.00656 0.006578 0.0061 0.006232	
20190519 000000 0.006452 0.0067 0.006441 0.006561	
20190518 000000 0.006359 0.006602 0.006222 0.006453	
20190517 000000 0.006739 0.006777 0.00601 0.006357	
20190516 000000 0.006761 0.00733 0.0064 0.00677	
20190515 000000 0.006227 0.0068 0.00606 0.006761	
20190514 000000 0.006444 0.00659 0.006 0.00623	
20190513 000000 0.006346 0.006688 0.0062 0.006459	
