20190611 000000 3.2792 3.35 3.2002 3.3122	
20190610 000000 3.0034 3.2949 2.945 3.2793	
20190609 000000 3.0343 3.078 2.9752 3.0004	
20190608 000000 3.0744 3.13 2.99 3.0355	
20190607 000000 3.0214 3.096 2.9641 3.0744	
20190606 000000 2.9774 3.0889 2.9408 3.0262	
20190605 000000 3.0347 3.18 2.8685 2.9751	
20190604 000000 3.1052 3.1476 2.8 3.0326	
20190603 000000 3.2672 3.3375 3.0666 3.1049	
20190602 000000 3.1553 3.3 3.1246 3.267	
20190601 000000 3.1118 3.3526 3.0909 3.1522	
20190531 000000 3.3477 3.3777 3.06 3.1132	
20190530 000000 3.3195 3.391 3.24 3.3477	
20190529 000000 3.3292 3.3885 3.2685 3.3196	
20190528 000000 3.2856 3.516 3.2283 3.3277	
20190527 000000 3.19 3.49 3.1 3.2856	
20190526 000000 3.2028 3.3511 3.16 3.1904	
20190525 000000 3.3091 3.4888 3.15 3.2029	
20190524 000000 3.0165 3.3554 2.8879 3.3089	
20190523 000000 2.9422 3.054 2.7858 3.0159	
20190522 000000 2.6406 3.011 2.6 2.9422	
20190521 000000 2.6394 2.7882 2.574 2.64	
20190520 000000 2.6852 2.745 2.556 2.6384	
20190519 000000 2.6332 2.757 2.625 2.6854	
20190518 000000 2.5598 2.65 2.5059 2.633	
20190517 000000 2.7309 2.731 2.444 2.5575	
20190516 000000 2.8323 3.1111 2.57 2.7331	
20190515 000000 2.4838 2.835 2.43 2.8329	
20190514 000000 2.4202 2.5675 2.38 2.486	
20190513 000000 2.3074 2.44 2.29 2.4189	
