20190611 000000 0.011534 0.011743 0.010961 0.01111	
20190610 000000 0.010914 0.012183 0.010504 0.011531	
20190609 000000 0.011436 0.011474 0.010868 0.01091	
20190608 000000 0.011509 0.0118 0.011222 0.011442	
20190607 000000 0.010978 0.011569 0.010504 0.011507	
20190606 000000 0.010848 0.01135 0.010684 0.010984	
20190605 000000 0.011902 0.0123 0.010499 0.010834	
20190604 000000 0.01268 0.012751 0.010883 0.011907	
20190603 000000 0.012897 0.012967 0.011837 0.01268	
20190602 000000 0.012953 0.013301 0.01265 0.012895	
20190601 000000 0.01289 0.013522 0.012655 0.012953	
20190531 000000 0.014205 0.014555 0.012512 0.01289	
20190530 000000 0.013529 0.014682 0.01323 0.014224	
20190529 000000 0.013822 0.0141 0.012958 0.013539	
20190528 000000 0.013243 0.014354 0.013093 0.013819	
20190527 000000 0.012445 0.013487 0.01232 0.013233	
20190526 000000 0.01205 0.012964 0.011997 0.012431	
20190525 000000 0.012195 0.012319 0.011903 0.01205	
20190524 000000 0.011783 0.012458 0.011599 0.012167	
20190523 000000 0.012111 0.012372 0.011111 0.011778	
20190522 000000 0.012312 0.0131 0.011799 0.012111	
20190521 000000 0.012127 0.01316 0.01186 0.012327	
20190520 000000 0.012436 0.012598 0.01165 0.012138	
20190519 000000 0.012013 0.012688 0.011762 0.012436	
20190518 000000 0.0118 0.01258 0.01147 0.01201	
20190517 000000 0.014129 0.014144 0.011407 0.0118	
20190516 000000 0.01436 0.015972 0.012787 0.014117	
20190515 000000 0.013192 0.01485 0.012876 0.014361	
20190514 000000 0.012944 0.0138 0.012593 0.013183	
20190513 000000 0.012349 0.013388 0.012258 0.01295	
