20190611 000000 0.4258 0.4295 0.407 0.412	
20190610 000000 0.409 0.433 0.395 0.4256	
20190609 000000 0.4227 0.4318 0.407 0.409	
20190608 000000 0.4417 0.4599 0.4195 0.4223	
20190607 000000 0.4209 0.4429 0.401 0.4417	
20190606 000000 0.4162 0.435 0.412 0.4211	
20190605 000000 0.4429 0.4467 0.4102 0.4162	
20190604 000000 0.471 0.474 0.4193 0.441	
20190603 000000 0.4927 0.4961 0.4569 0.4713	
20190602 000000 0.482 0.4999 0.47 0.4927	
20190601 000000 0.4822 0.5151 0.4653 0.4823	
20190531 000000 0.5157 0.524 0.4535 0.4816	
20190530 000000 0.5204 0.5536 0.5031 0.5164	
20190529 000000 0.4479 0.5367 0.44 0.5229	
20190528 000000 0.4111 0.4588 0.4024 0.4484	
20190527 000000 0.3783 0.418 0.3752 0.4108	
20190526 000000 0.3829 0.3868 0.3732 0.3779	
20190525 000000 0.3931 0.3972 0.3747 0.3832	
20190524 000000 0.384 0.4001 0.365 0.3931	
20190523 000000 0.4073 0.417 0.365 0.384	
20190522 000000 0.4059 0.4249 0.4009 0.4072	
20190521 000000 0.3988 0.415 0.3907 0.4061	
20190520 000000 0.4137 0.4286 0.3833 0.3979	
20190519 000000 0.3872 0.4242 0.3739 0.4138	
20190518 000000 0.3712 0.4007 0.3642 0.3873	
20190517 000000 0.4412 0.4412 0.3517 0.3712	
20190516 000000 0.4145 0.4668 0.3925 0.4407	
20190515 000000 0.3596 0.4208 0.3501 0.4146	
20190514 000000 0.3199 0.382 0.318 0.3594	
20190513 000000 0.2949 0.3227 0.2911 0.3197	
