20190611 000000 0.0674 0.0686 0.066 0.0672	
20190610 000000 0.0667 0.0679 0.0637 0.0675	
20190609 000000 0.0714 0.0717 0.066 0.0667	
20190608 000000 0.072 0.0755 0.0693 0.0714	
20190607 000000 0.0704 0.0725 0.0683 0.0719	
20190606 000000 0.0704 0.0732 0.0686 0.0699	
20190605 000000 0.0801 0.0806 0.069 0.0703	
20190604 000000 0.0736 0.0866 0.0717 0.0799	
20190603 000000 0.0666 0.0749 0.0664 0.0734	
20190602 000000 0.0648 0.07 0.0641 0.0665	
20190601 000000 0.0645 0.0689 0.0618 0.0648	
20190531 000000 0.0722 0.0729 0.0632 0.0645	
20190530 000000 0.0657 0.0747 0.0634 0.0722	
20190529 000000 0.0691 0.0699 0.0618 0.0657	
20190528 000000 0.0721 0.0727 0.068 0.069	
20190527 000000 0.0699 0.073 0.066 0.0722	
20190526 000000 0.0736 0.0743 0.066 0.0699	
20190525 000000 0.0735 0.076 0.072 0.0737	
20190524 000000 0.0732 0.0785 0.0702 0.0735	
20190523 000000 0.082 0.0821 0.0686 0.0733	
20190522 000000 0.0782 0.096 0.0772 0.0819	
20190521 000000 0.0722 0.083 0.0696 0.078	
20190520 000000 0.0786 0.0792 0.0691 0.0721	
20190519 000000 0.071 0.0805 0.071 0.0785	
20190518 000000 0.0678 0.0739 0.0641 0.0711	
20190517 000000 0.0802 0.0892 0.0618 0.0684	
20190516 000000 0.0587 0.083 0.0587 0.0802	
20190515 000000 0.0511 0.0594 0.05 0.0587	
20190514 000000 0.051 0.0539 0.0494 0.0511	
20190513 000000 0.0501 0.0539 0.049 0.0514	
