20190611 000000 0.3865 0.4228 0.3784 0.4019	
20190610 000000 0.3705 0.404 0.367 0.3867	
20190609 000000 0.3722 0.4291 0.36 0.3701	
20190608 000000 0.3732 0.395 0.357 0.3705	
20190607 000000 0.3459 0.3888 0.3327 0.3727	
20190606 000000 0.3712 0.4129 0.34 0.3459	
20190605 000000 0.3108 0.418 0.2832 0.3675	
20190604 000000 0.3275 0.33 0.283 0.3104	
20190603 000000 0.3078 0.35 0.2921 0.3267	
20190602 000000 0.3164 0.3232 0.2888 0.3102	
20190601 000000 0.308 0.37 0.3066 0.3168	
20190531 000000 0.2629 0.3186 0.2294 0.3081	
20190530 000000 0.2702 0.2708 0.239 0.262	
20190529 000000 0.297 0.298 0.2411 0.2704	
20190528 000000 0.3259 0.332 0.2922 0.297	
20190527 000000 0.313 0.3488 0.2761 0.325	
20190526 000000 0.2644 0.3753 0.2386 0.313	
20190525 000000 0.204 0.2753 0.1829 0.2644	
20190524 000000 0.1445 0.2079 0.1444 0.2038	
20190523 000000 0.1445 0.1484 0.1332 0.1446	
20190522 000000 0.1455 0.1498 0.1391 0.1446	
20190521 000000 0.1384 0.1482 0.1372 0.1455	
20190520 000000 0.1464 0.15 0.1336 0.1384	
20190519 000000 0.1421 0.1508 0.14 0.1464	
20190518 000000 0.1374 0.1448 0.1358 0.1422	
20190517 000000 0.1602 0.1605 0.1315 0.1373	
20190516 000000 0.156 0.181 0.1412 0.1604	
20190515 000000 0.1378 0.1607 0.1321 0.1557	
20190514 000000 0.1322 0.1427 0.1271 0.1377	
20190513 000000 0.123 0.1359 0.119 0.1316	
