20190529 000000 0.004459 0.004576 0.00421 0.004547	
20190528 000000 0.004463 0.004545 0.004362 0.004463	
20190527 000000 0.004392 0.004648 0.004372 0.004465	
20190526 000000 0.004392 0.00442 0.004284 0.004392	
20190525 000000 0.00429 0.0044 0.004151 0.004392	
20190524 000000 0.004111 0.004391 0.004045 0.004288	
20190523 000000 0.004176 0.004378 0.003763 0.004117	
20190522 000000 0.004264 0.004441 0.004074 0.004176	
20190521 000000 0.004071 0.004343 0.004012 0.004263	
20190520 000000 0.004209 0.004278 0.00392 0.00407	
20190519 000000 0.003966 0.00435 0.003955 0.004218	
20190518 000000 0.003809 0.003994 0.003726 0.003976	
20190517 000000 0.00435 0.00475 0.003699 0.003802	
20190516 000000 0.004283 0.004906 0.0039 0.004348	
20190515 000000 0.004009 0.004408 0.003871 0.004285	
20190514 000000 0.004129 0.004238 0.003852 0.004004	
20190513 000000 0.003526 0.004288 0.003511 0.004132	
20190512 000000 0.003754 0.003788 0.00351 0.003537	
20190511 000000 0.00366 0.0038 0.003627 0.003755	
20190510 000000 0.003658 0.00385 0.003535 0.003664	
20190509 000000 0.003845 0.003861 0.0035 0.003655	
20190508 000000 0.00418 0.004203 0.003564 0.003845	
20190507 000000 0.004179 0.004479 0.00409 0.004176	
20190506 000000 0.004223 0.004373 0.004044 0.004177	
20190505 000000 0.004245 0.004355 0.004166 0.004225	
20190504 000000 0.004499 0.004627 0.004 0.004239	
20190503 000000 0.004374 0.004518 0.00434 0.004502	
20190502 000000 0.004133 0.004423 0.004109 0.004374	
20190501 000000 0.004108 0.004255 0.004085 0.004133	
20190430 000000 0.004011 0.00421 0.003969 0.004108	
