20190611 000000 0.078158 0.081 0.0746 0.075668	
20190610 000000 0.075637 0.085 0.074394 0.078232	
20190609 000000 0.073552 0.09 0.070363 0.0755	
20190608 000000 0.076968 0.07827 0.073007 0.073514	
20190607 000000 0.075407 0.080646 0.0721 0.076895	
20190606 000000 0.07144 0.077 0.069 0.075698	
20190605 000000 0.074178 0.074224 0.067429 0.071381	
20190604 000000 0.074 0.078839 0.0673 0.074178	
20190603 000000 0.072349 0.0802 0.069459 0.074353	
20190602 000000 0.070999 0.073989 0.068 0.072381	
20190601 000000 0.069598 0.0748 0.067 0.070791	
20190531 000000 0.066803 0.074779 0.061801 0.069598	
20190530 000000 0.060992 0.069919 0.06 0.066807	
20190529 000000 0.06074 0.062997 0.057123 0.06102	
20190528 000000 0.06416 0.064494 0.06 0.06074	
20190527 000000 0.064432 0.065769 0.062303 0.06416	
20190526 000000 0.063867 0.064965 0.0623 0.064263	
20190525 000000 0.064539 0.067796 0.06121 0.06368	
20190524 000000 0.063401 0.065588 0.0615 0.064539	
20190523 000000 0.066955 0.068286 0.059 0.063445	
20190522 000000 0.069343 0.07177 0.065456 0.066992	
20190521 000000 0.064578 0.0722 0.063258 0.069343	
20190520 000000 0.070228 0.075127 0.062511 0.06455	
20190519 000000 0.066866 0.072332 0.06492 0.070209	
20190518 000000 0.06499 0.06888 0.059154 0.066867	
20190517 000000 0.062511 0.064997 0.055123 0.06499	
20190516 000000 0.060725 0.07 0.0565 0.06241	
20190515 000000 0.056388 0.06156 0.054168 0.06076	
20190514 000000 0.059201 0.060139 0.055801 0.0563	
20190513 000000 0.058876 0.06312 0.056446 0.059315	
