20190611 000000 0.041961 0.050999 0.04196 0.049128	
20190610 000000 0.03885 0.043 0.03724 0.042017	
20190609 000000 0.037307 0.0393 0.036334 0.038719	
20190608 000000 0.039226 0.0394 0.035502 0.037317	
20190607 000000 0.038625 0.0395 0.037283 0.039148	
20190606 000000 0.036809 0.039295 0.036651 0.0386	
20190605 000000 0.038566 0.040001 0.036023 0.036809	
20190604 000000 0.03922 0.040999 0.035501 0.038552	
20190603 000000 0.0399 0.042 0.037911 0.039221	
20190602 000000 0.040044 0.041199 0.039078 0.0399	
20190601 000000 0.040816 0.04335 0.038768 0.040166	
20190531 000000 0.044752 0.044753 0.036538 0.040846	
20190530 000000 0.046103 0.049434 0.0435 0.044608	
20190529 000000 0.041324 0.0498 0.040567 0.046102	
20190528 000000 0.042136 0.042999 0.04 0.041422	
20190527 000000 0.039913 0.0438 0.039723 0.042081	
20190526 000000 0.039253 0.041 0.03903 0.039769	
20190525 000000 0.03933 0.041001 0.038955 0.039348	
20190524 000000 0.037312 0.041 0.037201 0.039364	
20190523 000000 0.041104 0.042 0.0353 0.037336	
20190522 000000 0.042213 0.048591 0.04 0.041234	
20190521 000000 0.041893 0.04558 0.0398 0.042256	
20190520 000000 0.043906 0.043908 0.0405 0.041895	
20190519 000000 0.041274 0.044001 0.040801 0.043906	
20190518 000000 0.039712 0.043999 0.039712 0.041273	
20190517 000000 0.046902 0.046912 0.0382 0.040212	
20190516 000000 0.045505 0.051285 0.042236 0.046844	
20190515 000000 0.041786 0.0466 0.041608 0.045496	
20190514 000000 0.045408 0.04601 0.04 0.04186	
20190513 000000 0.046476 0.05 0.044 0.045609	
