20190611 000000 0.006691 0.006885 0.006314 0.006395	
20190610 000000 0.006596 0.006959 0.006201 0.006691	
20190609 000000 0.006489 0.006829 0.006422 0.006596	
20190608 000000 0.006526 0.006666 0.006428 0.006491	
20190607 000000 0.006298 0.006587 0.00607 0.006526	
20190606 000000 0.005968 0.006306 0.005965 0.006301	
20190605 000000 0.006307 0.006429 0.005869 0.005969	
20190604 000000 0.006645 0.006723 0.006029 0.006306	
20190603 000000 0.007013 0.0071 0.00645 0.006643	
20190602 000000 0.006872 0.007211 0.006698 0.007013	
20190601 000000 0.006734 0.007044 0.006717 0.00688	
20190531 000000 0.00763 0.007652 0.006603 0.006727	
20190530 000000 0.007313 0.007655 0.00701 0.007616	
20190529 000000 0.007736 0.007991 0.007006 0.007308	
20190528 000000 0.008136 0.008159 0.0075 0.007736	
20190527 000000 0.007807 0.00835 0.007734 0.008126	
20190526 000000 0.007262 0.008095 0.007262 0.007807	
20190525 000000 0.007183 0.007881 0.006901 0.007262	
20190524 000000 0.006546 0.007539 0.006382 0.007182	
20190523 000000 0.006861 0.006999 0.006101 0.006546	
20190522 000000 0.006497 0.007051 0.006463 0.006865	
20190521 000000 0.006383 0.006699 0.006252 0.006497	
20190520 000000 0.006656 0.006821 0.0062 0.006388	
20190519 000000 0.006402 0.006779 0.006154 0.006654	
20190518 000000 0.006184 0.00665 0.006005 0.006408	
20190517 000000 0.007398 0.007777 0.006002 0.006188	
20190516 000000 0.007202 0.007884 0.00665 0.007409	
20190515 000000 0.006305 0.007337 0.006064 0.007201	
20190514 000000 0.006362 0.006611 0.006087 0.006305	
20190513 000000 0.006084 0.0067 0.006031 0.006362	
