20190611 000000 1.118 1.2138 1.0965 1.1259	
20190610 000000 1.0662 1.14 1.0113 1.118	
20190609 000000 1.1537 1.1635 1.055 1.0638	
20190608 000000 1.1741 1.2535 1.1395 1.1534	
20190607 000000 1.1484 1.267 1.0577 1.1731	
20190606 000000 1.0266 1.2675 1.0217 1.1506	
20190605 000000 0.9223 1.06 0.845 1.0289	
20190604 000000 0.9668 0.9838 0.8468 0.9243	
20190603 000000 1.031 1.0473 0.941 0.9676	
20190602 000000 0.9781 1.0612 0.936 1.032	
20190601 000000 0.9754 1.0599 0.9511 0.9805	
20190531 000000 1.1568 1.22 0.9136 0.9749	
20190530 000000 1.2126 1.2234 1.1318 1.1553	
20190529 000000 1.2139 1.3432 1.1567 1.2155	
20190528 000000 1.1311 1.245 1.0919 1.2127	
20190527 000000 1.0576 1.2605 1.0321 1.1311	
20190526 000000 1.144 1.18 1.0444 1.0574	
20190525 000000 1.2611 1.3421 1.1 1.1405	
20190524 000000 1.2952 1.4306 1.21 1.264	
20190523 000000 1.3352 1.4853 1.1 1.2941	
20190522 000000 1.1035 1.4453 1.1011 1.3303	
20190521 000000 0.9983 1.1756 0.97 1.1056	
20190520 000000 1.0241 1.09 0.9455 1.0	
20190519 000000 0.9013 1.0509 0.892 1.0247	
20190518 000000 0.8646 0.93 0.8458 0.9013	
20190517 000000 0.8449 0.99 0.7957 0.8646	
20190516 000000 0.8146 0.8886 0.7266 0.8453	
20190515 000000 0.8363 0.88 0.777 0.8076	
20190514 000000 0.6688 0.8923 0.6333 0.8339	
20190513 000000 0.6367 0.6888 0.6335 0.6695	
