20190611 000000 126.29 130.1 124.0 127.93	
20190610 000000 115.4 127.42 110.95 126.17	
20190609 000000 115.7 119.5 113.63 115.4	
20190608 000000 115.73 120.76 113.62 115.66	
20190607 000000 103.14 116.1 101.03 115.76	
20190606 000000 100.62 105.44 100.4 103.14	
20190605 000000 104.16 105.2 98.19 100.64	
20190604 000000 111.09 112.66 100.6 104.17	
20190603 000000 113.7 116.01 108.88 111.1	
20190602 000000 112.8 116.35 111.14 113.71	
20190601 000000 108.73 116.27 107.25 112.8	
20190531 000000 119.04 121.8 102.12 108.74	
20190530 000000 116.92 119.19 113.25 119.08	
20190529 000000 114.02 118.28 108.66 116.92	
20190528 000000 116.92 122.0 109.0 114.1	
20190527 000000 100.48 118.0 99.73 116.96	
20190526 000000 101.4 103.97 98.61 100.44	
20190525 000000 99.3 105.0 98.04 101.42	
20190524 000000 87.89 101.26 87.31 99.38	
20190523 000000 90.99 91.73 84.65 87.89	
20190522 000000 90.75 92.16 89.18 91.0	
20190521 000000 90.26 93.01 88.32 90.78	
20190520 000000 93.04 96.83 87.11 90.27	
20190519 000000 87.94 95.0 86.13 93.04	
20190518 000000 86.25 90.46 84.27 87.95	
20190517 000000 99.62 101.57 84.67 86.19	
20190516 000000 94.79 107.0 90.66 99.64	
20190515 000000 88.51 95.85 86.88 94.79	
20190514 000000 90.54 94.09 86.62 88.49	
20190513 000000 84.59 92.0 83.4 90.52	
