20190611 000000 0.012822 0.012822 0.0122 0.012358	
20190610 000000 0.012262 0.012851 0.01169 0.012823	
20190609 000000 0.012138 0.012575 0.011825 0.012262	
20190608 000000 0.012017 0.012299 0.011825 0.012136	
20190607 000000 0.012007 0.012358 0.011724 0.012042	
20190606 000000 0.011988 0.012288 0.01181 0.01201	
20190605 000000 0.012563 0.0129 0.01162 0.011988	
20190604 000000 0.01371 0.01375 0.01161 0.01257	
20190603 000000 0.014356 0.014359 0.013085 0.013684	
20190602 000000 0.013918 0.015461 0.0133 0.014397	
20190601 000000 0.014136 0.0146 0.012888 0.013954	
20190531 000000 0.013436 0.015461 0.013228 0.014012	
20190530 000000 0.012289 0.014808 0.012289 0.013401	
20190529 000000 0.012488 0.012654 0.011815 0.012303	
20190528 000000 0.012862 0.0129 0.01228 0.012488	
20190527 000000 0.012286 0.012884 0.011727 0.012838	
20190526 000000 0.012579 0.012676 0.011941 0.012292	
20190525 000000 0.011867 0.0128 0.011777 0.01257	
20190524 000000 0.011503 0.0121 0.010809 0.011904	
20190523 000000 0.011944 0.011969 0.010695 0.011494	
20190522 000000 0.012331 0.0126 0.01167 0.011944	
20190521 000000 0.01221 0.012616 0.011506 0.012319	
20190520 000000 0.01172 0.01315 0.01129 0.012221	
20190519 000000 0.011156 0.0119 0.010719 0.01172	
20190518 000000 0.01076 0.0112 0.01012 0.011163	
20190517 000000 0.012383 0.01244 0.0101 0.010749	
20190516 000000 0.011801 0.01388 0.010555 0.012324	
20190515 000000 0.010888 0.012093 0.01055 0.011797	
20190514 000000 0.011278 0.011318 0.0103 0.010888	
20190513 000000 0.011243 0.0116 0.0102 0.011305	
