20190611 000000 1.5752 1.5998 1.5 1.5217	
20190610 000000 1.5219 1.5901 1.4705 1.5745	
20190609 000000 1.5842 1.6176 1.5166 1.5196	
20190608 000000 1.6081 1.6207 1.544 1.5831	
20190607 000000 1.461 1.609 1.4226 1.6081	
20190606 000000 1.4466 1.5151 1.4 1.4599	
20190605 000000 1.5638 1.571 1.4311 1.4486	
20190604 000000 1.676 1.713 1.5161 1.5632	
20190603 000000 1.7681 1.7806 1.632 1.6719	
20190602 000000 1.6838 1.8173 1.6671 1.7669	
20190601 000000 1.657 1.7534 1.6451 1.6838	
20190531 000000 1.8398 1.8438 1.6 1.6568	
20190530 000000 1.7749 1.92 1.7446 1.8463	
20190529 000000 1.7704 1.7821 1.6481 1.7766	
20190528 000000 1.7377 1.8513 1.715 1.766	
20190527 000000 1.6666 1.8 1.6651 1.7377	
20190526 000000 1.6661 1.7052 1.6255 1.6666	
20190525 000000 1.7127 1.721 1.6526 1.6661	
20190524 000000 1.645 1.7423 1.6225 1.7157	
20190523 000000 1.7212 1.7245 1.547 1.6437	
20190522 000000 1.738 1.7774 1.6782 1.7215	
20190521 000000 1.7054 1.798 1.67 1.74	
20190520 000000 1.7933 1.8447 1.6195 1.7054	
20190519 000000 1.7322 2.0 1.68 1.7933	
20190518 000000 1.7051 1.7715 1.6574 1.7341	
20190517 000000 1.8917 1.9043 1.5791 1.7051	
20190516 000000 1.8781 2.098 1.73 1.8991	
20190515 000000 1.7069 1.8781 1.68 1.8781	
20190514 000000 1.7548 1.798 1.688 1.7125	
20190513 000000 1.6393 1.8 1.6 1.7599	
