20190529 000000 1.1763 1.22 1.1203 1.1752	
20190528 000000 1.2009 1.2888 1.1313 1.176	
20190527 000000 1.134 1.2156 1.1021 1.2018	
20190526 000000 1.1164 1.15 1.1008 1.131	
20190525 000000 1.1027 1.166 1.0864 1.1164	
20190524 000000 1.0827 1.1344 1.0652 1.1028	
20190523 000000 1.1273 1.1376 1.0156 1.082	
20190522 000000 1.1318 1.1555 1.0829 1.1277	
20190521 000000 1.0892 1.1539 1.0676 1.1315	
20190520 000000 1.152 1.1865 1.0496 1.0898	
20190519 000000 1.0991 1.235 1.0719 1.1537	
20190518 000000 1.0585 1.1327 1.0422 1.0988	
20190517 000000 1.261 1.32 1.0033 1.0594	
20190516 000000 1.21 1.3926 1.1498 1.2571	
20190515 000000 1.0517 1.2345 1.03 1.207	
20190514 000000 1.0187 1.0957 1.0 1.0491	
20190513 000000 0.9261 1.0205 0.9161 1.0181	
20190512 000000 0.9564 1.0438 0.9121 0.9262	
20190511 000000 0.8902 0.961 0.8705 0.9569	
20190510 000000 0.8738 0.91 0.8618 0.8905	
20190509 000000 0.8982 0.9449 0.865 0.8741	
20190508 000000 0.9256 0.9363 0.8681 0.8973	
20190507 000000 0.9691 0.9843 0.9172 0.9261	
20190506 000000 0.9611 1.0 0.9412 0.969	
20190505 000000 0.9606 1.0028 0.9545 0.9613	
20190504 000000 1.019 1.0522 0.94 0.9604	
20190503 000000 1.01 1.0412 0.98 1.0188	
20190502 000000 1.0286 1.04 1.0035 1.0097	
20190501 000000 1.0098 1.11 0.999 1.0285	
20190430 000000 1.0 1.0229 0.9608 1.0094	
