20190611 000000 12.28 12.4 11.71 11.88	
20190610 000000 11.57 12.48 11.23 12.26	
20190609 000000 11.98 12.07 11.5 11.57	
20190608 000000 12.14 12.53 11.86 11.99	
20190607 000000 11.46 12.26 11.02 12.14	
20190606 000000 11.32 11.85 11.24 11.45	
20190605 000000 12.1 12.19 11.02 11.33	
20190604 000000 13.21 13.38 11.84 12.08	
20190603 000000 13.94 14.14 12.87 13.21	
20190602 000000 13.65 14.22 13.47 13.95	
20190601 000000 12.79 14.4 12.65 13.65	
20190531 000000 14.53 14.62 12.1 12.79	
20190530 000000 13.47 15.0 13.2 14.53	
20190529 000000 12.28 13.9 11.8 13.48	
20190528 000000 12.27 12.78 11.7 12.28	
20190527 000000 11.28 12.42 11.19 12.26	
20190526 000000 11.51 11.57 11.15 11.28	
20190525 000000 11.75 11.93 11.3 11.48	
20190524 000000 11.3 11.84 11.07 11.75	
20190523 000000 11.75 11.78 10.71 11.3	
20190522 000000 12.06 12.57 11.51 11.74	
20190521 000000 12.2 12.6 11.68 12.08	
20190520 000000 11.48 12.2 10.7 12.18	
20190519 000000 11.01 11.96 10.52 11.47	
20190518 000000 10.81 11.44 10.6 11.0	
20190517 000000 12.79 12.8 10.47 10.81	
20190516 000000 12.31 13.84 11.21 12.8	
20190515 000000 10.61 12.49 10.35 12.3	
20190514 000000 9.85 11.15 9.56 10.62	
20190513 000000 9.12 9.98 9.06 9.84	
