20190611 000000 0.003478 0.003518 0.003298 0.003349	
20190610 000000 0.003378 0.003552 0.00335 0.003475	
20190609 000000 0.003505 0.003524 0.003333 0.003378	
20190608 000000 0.003708 0.003717 0.003465 0.003502	
20190607 000000 0.003679 0.00382 0.003598 0.003704	
20190606 000000 0.003558 0.00385 0.003555 0.003668	
20190605 000000 0.003542 0.003656 0.003305 0.003557	
20190604 000000 0.003444 0.003694 0.0032 0.003539	
20190603 000000 0.003646 0.003658 0.00335 0.003444	
20190602 000000 0.003548 0.003815 0.003408 0.003646	
20190601 000000 0.003275 0.003596 0.003218 0.003545	
20190531 000000 0.003681 0.003688 0.003263 0.003278	
20190530 000000 0.003656 0.003787 0.0034 0.003688	
20190529 000000 0.00374 0.003976 0.00355 0.003654	
20190528 000000 0.003808 0.003867 0.003571 0.003746	
20190527 000000 0.003586 0.003986 0.003418 0.003809	
20190526 000000 0.003635 0.003667 0.00333 0.00359	
20190525 000000 0.003979 0.004138 0.003558 0.003635	
20190524 000000 0.00411 0.004499 0.003896 0.00398	
20190523 000000 0.004407 0.004424 0.003624 0.00411	
20190522 000000 0.00544 0.00585 0.0042 0.0044	
20190521 000000 0.004479 0.005546 0.00438 0.00544	
20190520 000000 0.004495 0.004734 0.004 0.004498	
20190519 000000 0.004317 0.00468 0.0041 0.004495	
20190518 000000 0.003687 0.004485 0.003502 0.004301	
20190517 000000 0.003523 0.004033 0.0033 0.003686	
20190516 000000 0.003149 0.003666 0.00307 0.00352	
20190515 000000 0.00295 0.003384 0.0029 0.003152	
20190514 000000 0.003236 0.003248 0.002938 0.00295	
20190513 000000 0.003203 0.003371 0.0031 0.003244	
