20190611 000000 0.9624 1.0511 0.882 0.8987	
20190610 000000 0.8048 1.0078 0.7631 0.9644	
20190609 000000 0.7907 0.825 0.7775 0.8038	
20190608 000000 0.7794 0.8006 0.7727 0.7906	
20190607 000000 0.7497 0.785 0.72 0.7792	
20190606 000000 0.7727 0.8 0.74 0.7469	
20190605 000000 0.7573 0.7908 0.7035 0.7727	
20190604 000000 0.7728 0.797 0.7166 0.7563	
20190603 000000 0.7919 0.82 0.7494 0.7735	
20190602 000000 0.7818 0.804 0.7691 0.7921	
20190601 000000 0.7616 0.828 0.7573 0.7832	
20190531 000000 0.805 0.8109 0.7231 0.7614	
20190530 000000 0.7886 0.8285 0.7746 0.8067	
20190529 000000 0.7897 0.7971 0.74 0.7886	
20190528 000000 0.7757 0.8236 0.7575 0.7887	
20190527 000000 0.7505 0.794 0.7488 0.7765	
20190526 000000 0.7744 0.8144 0.736 0.7505	
20190525 000000 0.7809 0.8346 0.7488 0.7744	
20190524 000000 0.7209 0.8434 0.7209 0.7813	
20190523 000000 0.7407 0.7527 0.689 0.7221	
20190522 000000 0.7277 0.7698 0.7084 0.7405	
20190521 000000 0.6981 0.7542 0.689 0.7279	
20190520 000000 0.7069 0.735 0.6747 0.6967	
20190519 000000 0.6998 0.73 0.68 0.7063	
20190518 000000 0.669 0.7268 0.6579 0.6999	
20190517 000000 0.7594 0.7671 0.6201 0.6677	
20190516 000000 0.7779 0.85 0.7055 0.7577	
20190515 000000 0.7478 0.8308 0.6696 0.781	
20190514 000000 0.6666 0.7571 0.631 0.7571	
20190513 000000 0.6338 0.686 0.6306 0.6663	
