20190611 000000 0.00261834 0.00265862 0.00254174 0.00256019	
20190610 000000 0.0025523 0.0026444 0.00246837 0.00262002	
20190609 000000 0.00256192 0.00264209 0.002508 0.0025537	
20190608 000000 0.00258868 0.00264997 0.00250654 0.00256345	
20190607 000000 0.00251541 0.0027 0.00246003 0.00259023	
20190606 000000 0.00248841 0.00258493 0.00247757 0.00251615	
20190605 000000 0.00253954 0.00256298 0.00238547 0.00248942	
20190604 000000 0.00267013 0.0027 0.0024125 0.00253969	
20190603 000000 0.00284283 0.00287499 0.0026 0.0026701	
20190602 000000 0.00269437 0.00291896 0.00265449 0.00284283	
20190601 000000 0.0025979 0.00274914 0.00257574 0.00269358	
20190531 000000 0.00278409 0.00278776 0.00250005 0.00259796	
20190530 000000 0.00259525 0.00281903 0.00256245 0.00277449	
20190529 000000 0.00262394 0.00264 0.00248126 0.00259662	
20190528 000000 0.00269345 0.00273646 0.0025852 0.002625	
20190527 000000 0.00257466 0.00271568 0.00256 0.00268939	
20190526 000000 0.00251747 0.00261086 0.00248971 0.00257495	
20190525 000000 0.00256863 0.00264489 0.00245758 0.00251603	
20190524 000000 0.00253434 0.00261099 0.00244289 0.0025686	
20190523 000000 0.00260562 0.00261352 0.00243067 0.00253434	
20190522 000000 0.002593 0.00271996 0.00246001 0.00260579	
20190521 000000 0.0024473 0.00275782 0.00241745 0.00259581	
20190520 000000 0.00258155 0.00262012 0.00238162 0.00244179	
20190519 000000 0.00244108 0.00262007 0.00239259 0.00258261	
20190518 000000 0.00235577 0.00254127 0.00230105 0.00243071	
20190517 000000 0.00279973 0.00284993 0.00228 0.00235573	
20190516 000000 0.00268457 0.00312 0.0025066 0.00277521	
20190515 000000 0.0023761 0.0026916 0.00231258 0.00268455	
20190514 000000 0.00227924 0.00242998 0.00225 0.00237081	
20190513 000000 0.00217754 0.00232021 0.00216955 0.00228783	
