20190611 000000 1.9842 2.0355 1.8992 1.927	
20190610 000000 1.9431 2.0064 1.83 1.9839	
20190609 000000 2.0028 2.015 1.9213 1.9434	
20190608 000000 1.9994 2.0448 1.9801 2.0044	
20190607 000000 1.9441 2.0745 1.88 1.9994	
20190606 000000 1.9289 1.9949 1.9054 1.9439	
20190605 000000 2.0572 2.0774 1.8953 1.9318	
20190604 000000 2.2149 2.2496 1.9784 2.0556	
20190603 000000 2.3413 2.3621 2.1514 2.2186	
20190602 000000 2.2531 2.3718 2.2018 2.3408	
20190601 000000 2.1499 2.3471 2.122 2.2512	
20190531 000000 2.4331 2.4528 2.0873 2.151	
20190530 000000 2.3355 2.4788 2.2365 2.4325	
20190529 000000 2.217 2.345 2.11 2.3356	
20190528 000000 2.1595 2.31 2.1057 2.2193	
20190527 000000 1.9579 2.1829 1.94 2.1596	
20190526 000000 1.9854 1.9982 1.9 1.9568	
20190525 000000 1.9953 2.0281 1.9427 1.9848	
20190524 000000 1.8855 2.0395 1.8801 1.9959	
20190523 000000 2.035 2.077 1.805 1.8894	
20190522 000000 2.1011 2.146 1.9943 2.0377	
20190521 000000 1.9523 2.133 1.9477 2.1016	
20190520 000000 2.0089 2.1139 1.871 1.9523	
20190519 000000 1.9195 2.0687 1.87 2.009	
20190518 000000 1.887 2.0119 1.81 1.9203	
20190517 000000 2.2216 2.2999 1.8325 1.8869	
20190516 000000 2.0995 2.4411 2.04 2.2216	
20190515 000000 1.817 2.11 1.73 2.0994	
20190514 000000 1.7392 1.8844 1.7 1.817	
20190513 000000 1.6212 1.7998 1.6056 1.7412	
