20190529 000000 1.4624 1.5334 1.378 1.5263	
20190528 000000 1.4828 1.5399 1.4257 1.463	
20190527 000000 1.3305 1.4988 1.315 1.483	
20190526 000000 1.3408 1.3631 1.3073 1.3309	
20190525 000000 1.3577 1.3838 1.32 1.3411	
20190524 000000 1.2906 1.3927 1.2808 1.3566	
20190523 000000 1.3623 1.3654 1.2458 1.2907	
20190522 000000 1.3815 1.4123 1.3243 1.3621	
20190521 000000 1.3507 1.41 1.33 1.3823	
20190520 000000 1.4038 1.4431 1.3 1.3503	
20190519 000000 1.3435 1.4453 1.3029 1.4037	
20190518 000000 1.3145 1.3931 1.273 1.3435	
20190517 000000 1.5464 1.5464 1.2488 1.3158	
20190516 000000 1.5158 1.6703 1.38 1.5465	
20190515 000000 1.3764 1.5343 1.33 1.5152	
20190514 000000 1.2346 1.4098 1.2333 1.3766	
20190513 000000 1.1464 1.2491 1.1334 1.2364	
20190512 000000 1.1943 1.2686 1.132 1.1459	
20190511 000000 1.0588 1.217 1.0422 1.1941	
20190510 000000 1.0168 1.0827 0.9884 1.0596	
20190509 000000 1.0608 1.0719 1.0155 1.0162	
20190508 000000 1.056 1.0753 1.0236 1.0614	
20190507 000000 1.0732 1.1151 1.048 1.056	
20190506 000000 1.0705 1.0961 1.0195 1.0733	
20190505 000000 1.0643 1.1056 1.0572 1.0711	
20190504 000000 1.1392 1.1977 1.037 1.0638	
20190503 000000 1.1133 1.1695 1.0958 1.1388	
20190502 000000 1.115 1.127 1.0941 1.1133	
20190501 000000 1.0852 1.1247 1.0636 1.1159	
20190430 000000 1.0402 1.13 1.0288 1.0846	
