20190611 000000 0.052177 0.052227 0.0484 0.049845	
20190610 000000 0.048616 0.054 0.048 0.052152	
20190609 000000 0.045031 0.050888 0.04462 0.048641	
20190608 000000 0.046514 0.0475 0.04463 0.045045	
20190607 000000 0.044099 0.0469 0.04361 0.04634	
20190606 000000 0.042863 0.0479 0.04269 0.044079	
20190605 000000 0.046926 0.04798 0.0421 0.0427	
20190604 000000 0.050162 0.051234 0.0441 0.046893	
20190603 000000 0.052143 0.052682 0.049 0.050125	
20190602 000000 0.052665 0.053377 0.051 0.052118	
20190601 000000 0.053435 0.0562 0.0518 0.052564	
20190531 000000 0.05535 0.056092 0.0495 0.053505	
20190530 000000 0.05181 0.057775 0.0498 0.055373	
20190529 000000 0.052407 0.054 0.0484 0.05181	
20190528 000000 0.052933 0.056506 0.0502 0.052375	
20190527 000000 0.047184 0.0532 0.0465 0.052999	
20190526 000000 0.049018 0.049888 0.046318 0.047188	
20190525 000000 0.049501 0.050694 0.048079 0.049047	
20190524 000000 0.048711 0.05092 0.04724 0.049501	
20190523 000000 0.052604 0.052997 0.0463 0.048732	
20190522 000000 0.052471 0.055 0.049936 0.052606	
20190521 000000 0.051453 0.054361 0.05 0.052627	
20190520 000000 0.054026 0.054886 0.049 0.051548	
20190519 000000 0.050435 0.054282 0.049054 0.053989	
20190518 000000 0.048379 0.052078 0.046687 0.0504	
20190517 000000 0.05719 0.057191 0.046666 0.048379	
20190516 000000 0.058506 0.065555 0.05015 0.057255	
20190515 000000 0.048392 0.065547 0.045738 0.058634	
20190514 000000 0.044578 0.0505 0.0435 0.04827	
20190513 000000 0.041097 0.04539 0.041095 0.044557	
