20190611 000000 3.153 3.2763 3.0347 3.0996	
20190610 000000 2.9229 3.4 2.844 3.1536	
20190609 000000 3.0682 3.07 2.9106 2.9273	
20190608 000000 3.1418 3.2333 3.02 3.0672	
20190607 000000 2.9399 3.1498 2.87 3.1347	
20190606 000000 2.9266 3.0478 2.8888 2.9399	
20190605 000000 3.1007 3.1249 2.8869 2.9286	
20190604 000000 3.3666 3.44 2.9939 3.1006	
20190603 000000 3.537 3.6275 3.2611 3.3666	
20190602 000000 3.6099 3.6773 3.4596 3.5403	
20190601 000000 3.1372 3.8084 3.1173 3.61	
20190531 000000 3.528 3.5485 3.0191 3.1378	
20190530 000000 3.323 3.569 3.25 3.528	
20190529 000000 3.1651 3.4304 3.0005 3.3227	
20190528 000000 3.1505 3.3 3.08 3.1659	
20190527 000000 2.8798 3.1947 2.8669 3.1509	
20190526 000000 2.8893 2.9283 2.81 2.8749	
20190525 000000 2.9579 2.9842 2.8603 2.8905	
20190524 000000 2.84 3.04 2.7971 2.9563	
20190523 000000 3.0868 3.0921 2.7201 2.84	
20190522 000000 3.1337 3.2299 2.98 3.0837	
20190521 000000 3.124 3.2547 3.0 3.1381	
20190520 000000 3.086 3.201 2.883 3.1221	
20190519 000000 2.8301 3.1499 2.7682 3.086	
20190518 000000 2.778 2.9396 2.74 2.8301	
20190517 000000 3.303 3.3248 2.6971 2.7798	
20190516 000000 3.0988 3.54 2.9517 3.3042	
20190515 000000 2.7056 3.1035 2.61 3.099	
20190514 000000 2.5147 2.8423 2.46 2.7081	
20190513 000000 2.41 2.5499 2.3573 2.5172	
