20190611 000000 0.00268 0.002691 0.002421 0.002464	
20190610 000000 0.00234 0.002685 0.002235 0.00268	
20190609 000000 0.002552 0.002623 0.002241 0.002361	
20190608 000000 0.002681 0.002721 0.002547 0.002551	
20190607 000000 0.00256 0.002724 0.00241 0.002684	
20190606 000000 0.002676 0.002747 0.002502 0.00256	
20190605 000000 0.002659 0.002937 0.002458 0.002672	
20190604 000000 0.002859 0.002878 0.002405 0.002659	
20190603 000000 0.003055 0.003577 0.0026 0.002868	
20190602 000000 0.003012 0.003988 0.00275 0.003054	
20190601 000000 0.002094 0.003088 0.002075 0.00302	
20190531 000000 0.00239 0.002398 0.002025 0.00209	
20190530 000000 0.002504 0.00253 0.00221 0.002394	
20190529 000000 0.002718 0.002718 0.002414 0.002504	
20190528 000000 0.002903 0.002903 0.00264 0.002716	
20190527 000000 0.002725 0.00295 0.00245 0.002903	
20190526 000000 0.002932 0.003138 0.00258 0.002725	
20190525 000000 0.003467 0.00385 0.002745 0.00293	
20190524 000000 0.005105 0.005869 0.003133 0.003467	
20190523 000000 0.003489 0.005279 0.00282 0.005105	
20190522 000000 0.0011 0.0055 0.0011 0.003489	
