20190611 000000 0.014379 0.014641 0.01354 0.01377	
20190610 000000 0.013587 0.014666 0.012867 0.014357	
20190609 000000 0.013019 0.014521 0.012994 0.013585	
20190608 000000 0.012744 0.0132 0.012683 0.013	
20190607 000000 0.012396 0.012952 0.012 0.01278	
20190606 000000 0.01221 0.012866 0.012179 0.012376	
20190605 000000 0.012744 0.012795 0.011888 0.012211	
20190604 000000 0.012756 0.013862 0.011517 0.012782	
20190603 000000 0.013836 0.014066 0.0125 0.01276	
20190602 000000 0.013795 0.014339 0.01354 0.013841	
20190601 000000 0.013645 0.014637 0.013513 0.013795	
20190531 000000 0.015467 0.015509 0.0131 0.013632	
20190530 000000 0.015153 0.015635 0.0146 0.015432	
20190529 000000 0.015069 0.015527 0.014291 0.015153	
20190528 000000 0.01554 0.015545 0.014639 0.015069	
20190527 000000 0.015327 0.016 0.014728 0.015523	
20190526 000000 0.016027 0.016499 0.0145 0.015362	
20190525 000000 0.014057 0.0162 0.013501 0.015917	
20190524 000000 0.013326 0.0145 0.013249 0.014054	
20190523 000000 0.014065 0.015 0.01273 0.013359	
20190522 000000 0.013663 0.014666 0.013273 0.0141	
20190521 000000 0.01225 0.01436 0.012221 0.013663	
20190520 000000 0.012921 0.013473 0.012 0.012275	
20190519 000000 0.012578 0.014199 0.0118 0.01292	
20190518 000000 0.012232 0.0135 0.0115 0.012544	
20190517 000000 0.014595 0.014595 0.0119 0.012228	
20190516 000000 0.014055 0.016499 0.0126 0.014592	
20190515 000000 0.01243 0.015 0.012099 0.014055	
20190514 000000 0.012275 0.0129 0.01125 0.012457	
20190513 000000 0.011196 0.012998 0.011041 0.012272	
