20190611 000000 0.009433 0.0098 0.009294 0.00947	
20190610 000000 0.009188 0.00955 0.008607 0.009476	
20190609 000000 0.009211 0.009887 0.008967 0.00917	
20190608 000000 0.009534 0.00983 0.009101 0.009202	
20190607 000000 0.008904 0.009686 0.008636 0.009536	
20190606 000000 0.00871 0.009105 0.008695 0.008919	
20190605 000000 0.008653 0.009072 0.00848 0.008709	
20190604 000000 0.009485 0.009603 0.008201 0.008653	
20190603 000000 0.010272 0.010315 0.009311 0.009418	
20190602 000000 0.010277 0.010775 0.010143 0.010239	
20190601 000000 0.010153 0.010696 0.009987 0.010279	
20190531 000000 0.01099 0.011 0.009824 0.010135	
20190530 000000 0.010383 0.012083 0.01004 0.010983	
20190529 000000 0.010574 0.010648 0.009635 0.010422	
20190528 000000 0.010838 0.010887 0.0104 0.010573	
20190527 000000 0.010287 0.011444 0.010165 0.010838	
20190526 000000 0.010421 0.010789 0.010099 0.010273	
20190525 000000 0.010639 0.010799 0.0102 0.01046	
20190524 000000 0.0102 0.010878 0.010005 0.010639	
20190523 000000 0.009888 0.0102 0.009283 0.010147	
20190522 000000 0.01013 0.010332 0.0097 0.009954	
20190521 000000 0.010097 0.010577 0.009905 0.010086	
20190520 000000 0.010595 0.01064 0.009821 0.010003	
20190519 000000 0.010442 0.010799 0.009716 0.010597	
20190518 000000 0.010153 0.010639 0.009801 0.010347	
20190517 000000 0.010536 0.0135 0.009029 0.010215	
20190516 000000 0.010373 0.011795 0.0093 0.01058	
20190515 000000 0.009482 0.0108 0.009292 0.010383	
20190514 000000 0.009128 0.009571 0.0083 0.009482	
20190513 000000 0.009077 0.0095 0.00885 0.009128	
