20190611 000000 0.029598 0.030888 0.028395 0.028721	
20190610 000000 0.028985 0.02964 0.027543 0.029598	
20190609 000000 0.027771 0.029974 0.027347 0.029132	
20190608 000000 0.029098 0.03138 0.0275 0.027829	
20190607 000000 0.025783 0.033496 0.02526 0.029098	
20190606 000000 0.02547 0.026928 0.025395 0.025783	
20190605 000000 0.026251 0.028033 0.0249 0.025474	
20190604 000000 0.02807 0.02866 0.025349 0.026274	
20190603 000000 0.028704 0.029997 0.027601 0.028083	
20190602 000000 0.028365 0.02922 0.027931 0.028714	
20190601 000000 0.027814 0.02928 0.027644 0.028364	
20190531 000000 0.031257 0.031548 0.0268 0.02782	
20190530 000000 0.030406 0.032375 0.029429 0.03135	
20190529 000000 0.030065 0.031089 0.028417 0.030359	
20190528 000000 0.029231 0.03327 0.028226 0.030053	
20190527 000000 0.027285 0.0317 0.027001 0.029143	
20190526 000000 0.026334 0.028626 0.026081 0.027246	
20190525 000000 0.026261 0.026841 0.025884 0.0263	
20190524 000000 0.025818 0.026968 0.025291 0.026245	
20190523 000000 0.027302 0.027782 0.02468 0.025829	
20190522 000000 0.026264 0.028019 0.0259 0.027302	
20190521 000000 0.025969 0.027 0.025516 0.026276	
20190520 000000 0.026558 0.027519 0.02465 0.026006	
20190519 000000 0.02569 0.027354 0.025238 0.026514	
20190518 000000 0.024195 0.026669 0.0238 0.025658	
20190517 000000 0.029046 0.029424 0.02396 0.024189	
20190516 000000 0.026616 0.032422 0.025939 0.029034	
20190515 000000 0.024701 0.02699 0.024048 0.026616	
20190514 000000 0.023048 0.0258 0.022156 0.024768	
20190513 000000 0.021656 0.023187 0.021587 0.023059	
