20190529 000000 0.006681 0.0069 0.00625 0.006499	
20190528 000000 0.007001 0.007155 0.006464 0.006681	
20190527 000000 0.006547 0.007764 0.006547 0.007036	
20190526 000000 0.006125 0.006731 0.005991 0.006545	
20190525 000000 0.005847 0.006336 0.005674 0.006125	
20190524 000000 0.005566 0.005945 0.005336 0.005847	
20190523 000000 0.005881 0.006035 0.00501 0.005576	
20190522 000000 0.005958 0.0063 0.005702 0.005877	
20190521 000000 0.005648 0.006207 0.005646 0.00595	
20190520 000000 0.005903 0.006068 0.005576 0.005647	
20190519 000000 0.005715 0.00605 0.005587 0.005902	
20190518 000000 0.005495 0.00585 0.0054 0.005718	
20190517 000000 0.006487 0.006495 0.005302 0.005482	
20190516 000000 0.006416 0.007151 0.005675 0.006487	
20190515 000000 0.005639 0.007255 0.005639 0.006422	
20190514 000000 0.005364 0.006158 0.005184 0.005639	
20190513 000000 0.005209 0.005511 0.005008 0.005362	
20190512 000000 0.00572 0.006177 0.005 0.005185	
20190511 000000 0.005497 0.005808 0.005259 0.005711	
20190510 000000 0.005567 0.005568 0.0051 0.00549	
20190509 000000 0.006341 0.0066 0.005418 0.00556	
20190508 000000 0.005784 0.006569 0.0055 0.006348	
20190507 000000 0.005012 0.005869 0.004971 0.005783	
20190506 000000 0.004953 0.00512 0.004799 0.005008	
20190505 000000 0.004903 0.005145 0.004813 0.004948	
20190504 000000 0.005272 0.00555 0.004849 0.004893	
20190503 000000 0.004912 0.00543 0.004812 0.005273	
20190502 000000 0.004956 0.00515 0.004819 0.004912	
20190501 000000 0.004788 0.005038 0.004766 0.004956	
20190430 000000 0.004711 0.004899 0.00465 0.004785	
