20190611 000000 0.4071 0.426 0.394 0.4209	
20190610 000000 0.3857 0.43 0.3693 0.407	
20190609 000000 0.3925 0.4385 0.38 0.3853	
20190608 000000 0.3712 0.41 0.365 0.3922	
20190607 000000 0.3496 0.3857 0.3383 0.371	
20190606 000000 0.3459 0.3618 0.3445 0.3495	
20190605 000000 0.3654 0.3672 0.338 0.3457	
20190604 000000 0.3924 0.3959 0.3538 0.3653	
20190603 000000 0.4087 0.4133 0.3866 0.3937	
20190602 000000 0.392 0.4139 0.3906 0.4096	
20190601 000000 0.3889 0.4134 0.3843 0.392	
20190531 000000 0.427 0.4289 0.3683 0.3897	
20190530 000000 0.4164 0.4339 0.4091 0.427	
20190529 000000 0.4169 0.4321 0.3976 0.4169	
20190528 000000 0.4215 0.4385 0.4047 0.4168	
20190527 000000 0.3897 0.4385 0.3821 0.4214	
20190526 000000 0.3867 0.4084 0.3767 0.3897	
20190525 000000 0.3949 0.3965 0.3818 0.3869	
20190524 000000 0.3812 0.401 0.3692 0.396	
20190523 000000 0.3865 0.4469 0.3609 0.3814	
20190522 000000 0.3715 0.4035 0.3695 0.3876	
20190521 000000 0.3511 0.3964 0.3437 0.3715	
20190520 000000 0.3623 0.3691 0.3393 0.3507	
20190519 000000 0.3519 0.3712 0.3421 0.3623	
20190518 000000 0.337 0.3697 0.33 0.3525	
20190517 000000 0.397 0.399 0.3275 0.3373	
20190516 000000 0.3776 0.4476 0.356 0.3973	
20190515 000000 0.3457 0.39 0.338 0.3768	
20190514 000000 0.3263 0.359 0.3157 0.3454	
20190513 000000 0.3094 0.3314 0.3088 0.3265	
