20190611 000000 0.2749 0.29 0.2698 0.2699	
20190610 000000 0.2703 0.2798 0.2585 0.2749	
20190609 000000 0.2762 0.2999 0.2674 0.2705	
20190608 000000 0.2686 0.3097 0.2667 0.2756	
20190607 000000 0.2464 0.2832 0.2434 0.2684	
20190606 000000 0.2415 0.2538 0.2415 0.2466	
20190605 000000 0.2559 0.2628 0.2407 0.243	
20190604 000000 0.2665 0.2787 0.2492 0.2566	
20190603 000000 0.2801 0.2861 0.2623 0.2667	
20190602 000000 0.2799 0.2909 0.2741 0.2801	
20190601 000000 0.2705 0.2834 0.2686 0.2794	
20190531 000000 0.2933 0.2948 0.2569 0.2706	
20190530 000000 0.2939 0.2997 0.2859 0.2934	
20190529 000000 0.2998 0.3071 0.2821 0.2936	
20190528 000000 0.306 0.3094 0.2949 0.2998	
20190527 000000 0.3026 0.3154 0.2939 0.3058	
20190526 000000 0.2986 0.34 0.2927 0.3025	
20190525 000000 0.2951 0.314 0.2861 0.2991	
20190524 000000 0.2817 0.3155 0.2794 0.2955	
20190523 000000 0.2795 0.2882 0.26 0.2814	
20190522 000000 0.2686 0.2915 0.266 0.28	
20190521 000000 0.2542 0.3 0.2498 0.2675	
20190520 000000 0.2628 0.2664 0.247 0.2548	
20190519 000000 0.2576 0.2678 0.2503 0.2621	
20190518 000000 0.2519 0.2698 0.2468 0.2577	
20190517 000000 0.265 0.2749 0.2273 0.2514	
20190516 000000 0.262 0.3015 0.2445 0.2654	
20190515 000000 0.2404 0.2663 0.2381 0.2628	
20190514 000000 0.2355 0.2496 0.2203 0.2372	
20190513 000000 0.2261 0.243 0.2251 0.2348	
