20190611 000000 0.1373 0.1469 0.1373 0.1408	
20190610 000000 0.1334 0.143 0.127 0.1375	
20190609 000000 0.1324 0.145 0.1301 0.1334	
20190608 000000 0.1332 0.1381 0.1316 0.1324	
20190607 000000 0.1279 0.1345 0.1234 0.1331	
20190606 000000 0.1233 0.139 0.1232 0.1279	
20190605 000000 0.1284 0.133 0.1197 0.1235	
20190604 000000 0.1348 0.1423 0.1223 0.1284	
20190603 000000 0.1392 0.1432 0.1297 0.1346	
20190602 000000 0.129 0.1476 0.1289 0.1392	
20190601 000000 0.1318 0.1379 0.1274 0.1289	
20190531 000000 0.1444 0.1455 0.1238 0.1317	
20190530 000000 0.1487 0.1655 0.1441 0.1448	
20190529 000000 0.1307 0.165 0.1237 0.1487	
20190528 000000 0.1286 0.1342 0.1225 0.1307	
20190527 000000 0.125 0.1308 0.1191 0.1288	
20190526 000000 0.1283 0.1383 0.12 0.125	
20190525 000000 0.1246 0.1385 0.1182 0.1283	
20190524 000000 0.1065 0.1428 0.1046 0.1245	
20190523 000000 0.1128 0.116 0.1008 0.1066	
20190522 000000 0.116 0.1195 0.1118 0.1127	
20190521 000000 0.1121 0.1198 0.1095 0.1161	
20190520 000000 0.1184 0.1193 0.1088 0.1123	
20190519 000000 0.1175 0.1239 0.1153 0.1183	
20190518 000000 0.1094 0.123 0.107 0.1177	
20190517 000000 0.1166 0.1175 0.0943 0.1093	
20190516 000000 0.1149 0.1253 0.1062 0.1167	
20190515 000000 0.0953 0.1205 0.0901 0.115	
20190514 000000 0.0944 0.0967 0.0884 0.0952	
20190513 000000 0.0864 0.0972 0.0836 0.0942	
