20190611 000000 0.007505 0.007545 0.007194 0.007271	
20190610 000000 0.007138 0.007548 0.007005 0.007519	
20190609 000000 0.00728 0.007365 0.007064 0.007136	
20190608 000000 0.007495 0.0077 0.0072 0.007281	
20190607 000000 0.00751 0.00763 0.007283 0.007507	
20190606 000000 0.007363 0.007704 0.007363 0.007522	
20190605 000000 0.007669 0.007935 0.007185 0.007392	
20190604 000000 0.007598 0.007951 0.006945 0.007685	
20190603 000000 0.007913 0.008001 0.007234 0.007598	
20190602 000000 0.007526 0.00865 0.0073 0.007937	
20190601 000000 0.0073 0.007651 0.007092 0.007523	
20190531 000000 0.008112 0.00812 0.007151 0.007299	
20190530 000000 0.007921 0.008303 0.007498 0.008112	
20190529 000000 0.008148 0.008297 0.00748 0.007928	
20190528 000000 0.008149 0.008744 0.007818 0.008149	
20190527 000000 0.007658 0.00865 0.00712 0.008158	
20190526 000000 0.007282 0.0077 0.007 0.007663	
20190525 000000 0.007476 0.008138 0.007 0.007248	
20190524 000000 0.00763 0.0082 0.007345 0.00748	
20190523 000000 0.008268 0.008456 0.0068 0.00763	
20190522 000000 0.010121 0.01145 0.0079 0.00827	
20190521 000000 0.007724 0.0105 0.007577 0.010149	
20190520 000000 0.007876 0.008 0.007124 0.007724	
20190519 000000 0.00764 0.008174 0.007403 0.007875	
20190518 000000 0.00687 0.0078 0.006602 0.00764	
20190517 000000 0.0073 0.008 0.006285 0.00687	
20190516 000000 0.00654 0.008122 0.005962 0.007301	
20190515 000000 0.005883 0.006628 0.0057 0.00654	
20190514 000000 0.006228 0.006447 0.005846 0.005884	
20190513 000000 0.006013 0.00625 0.005577 0.006229	
