20190611 000000 0.031272 0.031585 0.029943 0.030236	
20190610 000000 0.030631 0.031678 0.029 0.031306	
20190609 000000 0.032343 0.032397 0.030388 0.030638	
20190608 000000 0.033604 0.034375 0.031947 0.032342	
20190607 000000 0.032339 0.033692 0.030509 0.033616	
20190606 000000 0.033138 0.034479 0.03182 0.032361	
20190605 000000 0.035203 0.0359 0.03264 0.033178	
20190604 000000 0.036716 0.039912 0.031188 0.035145	
20190603 000000 0.039205 0.039342 0.035397 0.036674	
20190602 000000 0.036245 0.04094 0.036218 0.039198	
20190601 000000 0.031464 0.036887 0.031128 0.036244	
20190531 000000 0.035464 0.03577 0.0294 0.031475	
20190530 000000 0.034464 0.0357 0.033192 0.035451	
20190529 000000 0.03397 0.03496 0.031936 0.034412	
20190528 000000 0.03419 0.036974 0.03252 0.033967	
20190527 000000 0.029915 0.035038 0.029479 0.034193	
20190526 000000 0.027502 0.03033 0.027024 0.029903	
20190525 000000 0.027794 0.028867 0.027283 0.027505	
20190524 000000 0.026739 0.028244 0.02639 0.027785	
20190523 000000 0.028096 0.0283 0.02571 0.026747	
20190522 000000 0.028759 0.028936 0.027055 0.028095	
20190521 000000 0.027291 0.0298 0.027163 0.028771	
20190520 000000 0.027912 0.0289 0.026296 0.02729	
20190519 000000 0.026845 0.028659 0.026346 0.027912	
20190518 000000 0.025469 0.027789 0.025015 0.026845	
20190517 000000 0.030175 0.030413 0.024688 0.025465	
20190516 000000 0.030193 0.0333 0.02685 0.030186	
20190515 000000 0.026337 0.030788 0.025484 0.030181	
20190514 000000 0.024876 0.0277 0.024043 0.026337	
20190513 000000 0.023557 0.0251 0.023373 0.02488	
