20190611 000000 0.020887 0.021211 0.0202 0.020578	
20190610 000000 0.020428 0.021177 0.019601 0.020887	
20190609 000000 0.021432 0.022025 0.020262 0.020424	
20190608 000000 0.020716 0.022132 0.0205 0.021432	
20190607 000000 0.01985 0.0221 0.019053 0.020698	
20190606 000000 0.019151 0.020888 0.019149 0.019953	
20190605 000000 0.019032 0.02043 0.018 0.019151	
20190604 000000 0.019834 0.020193 0.018 0.019	
20190603 000000 0.020378 0.020714 0.019135 0.019834	
20190602 000000 0.019839 0.022108 0.019501 0.02038	
20190601 000000 0.019789 0.020701 0.019499 0.019851	
20190531 000000 0.021988 0.022089 0.019376 0.019787	
20190530 000000 0.021487 0.022699 0.020977 0.0219	
20190529 000000 0.021444 0.022103 0.0207 0.021484	
20190528 000000 0.021701 0.0228 0.0205 0.021442	
20190527 000000 0.021535 0.022888 0.020009 0.021701	
20190526 000000 0.022388 0.025474 0.0207 0.021535	
20190525 000000 0.019346 0.022867 0.018982 0.0224	
20190524 000000 0.018505 0.02072 0.018504 0.019347	
20190523 000000 0.01972 0.020888 0.01785 0.018401	
20190522 000000 0.020156 0.024388 0.019 0.01972	
20190521 000000 0.018501 0.021563 0.0178 0.02021	
20190520 000000 0.019402 0.019436 0.017855 0.018508	
20190519 000000 0.01939 0.019875 0.018525 0.019442	
20190518 000000 0.018067 0.019821 0.017364 0.019348	
20190517 000000 0.01984 0.019872 0.017205 0.018068	
20190516 000000 0.02105 0.023 0.0188 0.01984	
20190515 000000 0.020711 0.02134 0.019711 0.02105	
20190514 000000 0.022127 0.024 0.020309 0.020845	
20190513 000000 0.019998 0.02555 0.0174 0.022099	
