20190611 000000 0.007598 0.007731 0.007274 0.007394	
20190610 000000 0.007308 0.0078 0.00703 0.007596	
20190609 000000 0.007611 0.007629 0.007257 0.007308	
20190608 000000 0.007623 0.007863 0.0075 0.007609	
20190607 000000 0.007764 0.007789 0.007326 0.007628	
20190606 000000 0.007446 0.008049 0.007444 0.007747	
20190605 000000 0.00755 0.008066 0.006986 0.007447	
20190604 000000 0.007461 0.0076 0.006865 0.007536	
20190603 000000 0.007739 0.007812 0.0073 0.007462	
20190602 000000 0.007393 0.007785 0.007369 0.007738	
20190601 000000 0.007366 0.007769 0.007315 0.0074	
20190531 000000 0.008166 0.008248 0.007048 0.007365	
20190530 000000 0.007683 0.008482 0.00759 0.00816	
20190529 000000 0.007857 0.007994 0.007431 0.007686	
20190528 000000 0.007555 0.00818 0.00735 0.007853	
20190527 000000 0.007227 0.0077 0.007192 0.00755	
20190526 000000 0.007393 0.00741 0.007105 0.007222	
20190525 000000 0.007378 0.007541 0.007303 0.0074	
20190524 000000 0.007392 0.00757 0.00729 0.007388	
20190523 000000 0.007635 0.007641 0.00694 0.007387	
20190522 000000 0.00775 0.007887 0.0072 0.007633	
20190521 000000 0.0077 0.007987 0.007484 0.00776	
20190520 000000 0.007827 0.008033 0.0073 0.007694	
20190519 000000 0.007622 0.008097 0.0075 0.007865	
20190518 000000 0.007178 0.007828 0.007011 0.007641	
20190517 000000 0.008033 0.008218 0.006923 0.007173	
20190516 000000 0.007782 0.008949 0.00717 0.008022	
20190515 000000 0.006761 0.008 0.006615 0.00779	
20190514 000000 0.006411 0.006888 0.00625 0.00676	
20190513 000000 0.005967 0.00661 0.005943 0.006412	
