20190611 000000 2.3471 2.41 2.3116 2.333	
20190610 000000 2.293 2.3764 2.2288 2.3448	
20190609 000000 2.3609 2.4163 2.2823 2.2924	
20190608 000000 2.383 2.4134 2.3263 2.3658	
20190607 000000 2.2669 2.4158 2.1919 2.3833	
20190606 000000 2.2649 2.3449 2.2345 2.2631	
20190605 000000 2.3654 2.3755 2.2232 2.2608	
20190604 000000 2.5577 2.5962 2.3156 2.3618	
20190603 000000 2.6058 2.6585 2.4668 2.5574	
20190602 000000 2.6056 2.6799 2.5619 2.6066	
20190601 000000 2.5209 2.6551 2.5 2.6067	
20190531 000000 2.6965 2.7415 2.4418 2.5203	
20190530 000000 2.7175 2.7574 2.6318 2.6965	
20190529 000000 2.7421 2.7832 2.6297 2.7201	
20190528 000000 2.7241 2.867 2.6505 2.7421	
20190527 000000 2.6409 2.7701 2.6 2.73	
20190526 000000 2.6929 2.7457 2.58 2.6402	
20190525 000000 2.8154 2.8187 2.6172 2.6915	
20190524 000000 2.5274 3.4858 2.4705 2.8154	
20190523 000000 2.4561 2.6 2.3107 2.5274	
20190522 000000 2.4489 2.5332 2.4165 2.4548	
20190521 000000 2.416 2.545 2.33 2.4453	
20190520 000000 2.4772 2.5877 2.3287 2.4117	
20190519 000000 2.3693 2.508 2.3419 2.4756	
20190518 000000 2.3612 2.43 2.2858 2.3656	
20190517 000000 2.6256 2.6396 2.1925 2.3588	
20190516 000000 2.6264 2.76 2.4111 2.6255	
20190515 000000 2.3319 2.6955 2.2844 2.6291	
20190514 000000 2.3991 2.4276 2.2607 2.3359	
20190513 000000 2.3313 2.4908 2.3205 2.3958	
