20190611 000000 0.255 0.2598 0.2469 0.254	
20190610 000000 0.2497 0.2744 0.2356 0.255	
20190609 000000 0.2498 0.2578 0.245 0.2497	
20190608 000000 0.255 0.261 0.2482 0.2498	
20190607 000000 0.2487 0.2561 0.238 0.255	
20190606 000000 0.2461 0.2586 0.242 0.2487	
20190605 000000 0.2626 0.2755 0.2332 0.2461	
20190604 000000 0.2741 0.295 0.2395 0.2626	
20190603 000000 0.2888 0.2935 0.2655 0.2741	
20190602 000000 0.2913 0.298 0.28 0.2888	
20190601 000000 0.299 0.3095 0.2873 0.2913	
20190531 000000 0.3175 0.3177 0.267 0.299	
20190530 000000 0.272 0.32 0.2625 0.3175	
20190529 000000 0.2747 0.2747 0.245 0.272	
20190528 000000 0.2465 0.2753 0.2325 0.2747	
20190527 000000 0.2353 0.25 0.2351 0.2465	
20190526 000000 0.2347 0.243 0.231 0.2353	
20190525 000000 0.2369 0.2416 0.232 0.2347	
20190524 000000 0.2275 0.2416 0.2269 0.2369	
20190523 000000 0.2442 0.25 0.2166 0.2275	
20190522 000000 0.2473 0.2506 0.23 0.2442	
20190521 000000 0.2463 0.2525 0.24 0.2473	
20190520 000000 0.2552 0.2591 0.238 0.2455	
20190519 000000 0.244 0.2587 0.2424 0.2552	
20190518 000000 0.2401 0.2547 0.236 0.2449	
20190517 000000 0.2736 0.2745 0.2302 0.2401	
20190516 000000 0.2767 0.3082 0.2413 0.2745	
20190515 000000 0.2514 0.28 0.2505 0.2766	
20190514 000000 0.2502 0.2592 0.24 0.2514	
20190513 000000 0.2346 0.2503 0.2311 0.2503	
