20190611 000000 2.1811 2.2275 2.1055 2.1745	
20190610 000000 2.08 2.2039 2.0001 2.1811	
20190609 000000 2.099 2.1498 2.04 2.0806	
20190608 000000 2.1133 2.1555 2.0495 2.104	
20190607 000000 2.0064 2.1674 1.9562 2.115	
20190606 000000 1.9304 2.0944 1.923 2.0064	
20190605 000000 2.0801 2.0904 1.7581 1.9317	
20190604 000000 2.1515 2.284 1.9822 2.0757	
20190603 000000 2.2321 2.4221 2.0934 2.1515	
20190602 000000 2.2857 2.2998 2.205 2.2321	
20190601 000000 2.2944 2.4 2.2325 2.3	
20190531 000000 2.6742 2.888 2.2496 2.283	
20190530 000000 2.2041 3.5999 2.2041 2.6451	
