20190611 000000 0.0838 0.0857 0.0807 0.0817	
20190610 000000 0.0821 0.0864 0.0791 0.0837	
20190609 000000 0.0851 0.0856 0.0813 0.0821	
20190608 000000 0.0859 0.0883 0.0844 0.0853	
20190607 000000 0.081 0.0886 0.0786 0.086	
20190606 000000 0.0802 0.0845 0.0796 0.081	
20190605 000000 0.0851 0.0857 0.0788 0.0804	
20190604 000000 0.0906 0.0925 0.0821 0.0851	
20190603 000000 0.0942 0.0983 0.0893 0.0907	
20190602 000000 0.0944 0.0968 0.0928 0.0943	
20190601 000000 0.0924 0.0981 0.0901 0.0945	
20190531 000000 0.0984 0.1045 0.085 0.0921	
20190530 000000 0.0898 0.1024 0.0891 0.0985	
20190529 000000 0.0892 0.0923 0.0851 0.0899	
20190528 000000 0.0909 0.0935 0.0868 0.0893	
20190527 000000 0.0807 0.0933 0.0802 0.0909	
20190526 000000 0.0832 0.0837 0.0792 0.0807	
20190525 000000 0.0846 0.0867 0.0824 0.0831	
20190524 000000 0.0786 0.087 0.0772 0.0847	
20190523 000000 0.0841 0.0841 0.0734 0.0786	
20190522 000000 0.088 0.0893 0.0813 0.084	
20190521 000000 0.0877 0.091 0.0846 0.088	
20190520 000000 0.0919 0.0962 0.085 0.0877	
20190519 000000 0.0888 0.0951 0.0858 0.0919	
20190518 000000 0.0838 0.0934 0.0826 0.0889	
20190517 000000 0.1033 0.1034 0.08 0.0838	
20190516 000000 0.0707 0.128 0.07 0.1032	
20190515 000000 0.0626 0.0719 0.0609 0.0706	
20190514 000000 0.0594 0.0682 0.0568 0.0625	
20190513 000000 0.0551 0.0611 0.0549 0.0595	
