20190611 000000 0.122678 0.123566 0.11837 0.119599	
20190610 000000 0.121127 0.123715 0.1168 0.122519	
20190609 000000 0.125445 0.125538 0.120501 0.121107	
20190608 000000 0.128734 0.130273 0.124236 0.12547	
20190607 000000 0.121 0.128868 0.1182 0.128732	
20190606 000000 0.119706 0.12405 0.118583 0.120946	
20190605 000000 0.12502 0.125501 0.117114 0.1196	
20190604 000000 0.132266 0.13418 0.121869 0.125031	
20190603 000000 0.13693 0.13992 0.129712 0.132322	
20190602 000000 0.13059 0.13814 0.129125 0.13693	
20190601 000000 0.128531 0.134749 0.127383 0.130638	
20190531 000000 0.142908 0.143906 0.124116 0.128489	
20190530 000000 0.137026 0.143909 0.134001 0.142642	
20190529 000000 0.135605 0.14156 0.130612 0.137026	
20190528 000000 0.138337 0.144115 0.132245 0.135518	
20190527 000000 0.122964 0.1398 0.122278 0.138359	
20190526 000000 0.125157 0.126122 0.121 0.122896	
20190525 000000 0.127571 0.12924 0.124097 0.125142	
20190524 000000 0.123524 0.1287 0.120978 0.127613	
20190523 000000 0.130822 0.130985 0.117411 0.123427	
20190522 000000 0.133127 0.137333 0.128276 0.130819	
20190521 000000 0.133388 0.13709 0.130807 0.133111	
20190520 000000 0.140178 0.1454 0.12804 0.133353	
20190519 000000 0.133681 0.144442 0.129297 0.140191	
20190518 000000 0.120742 0.141321 0.118322 0.133681	
20190517 000000 0.151577 0.151826 0.116144 0.120743	
20190516 000000 0.124379 0.162331 0.123079 0.151604	
20190515 000000 0.111293 0.12438 0.108184 0.124378	
20190514 000000 0.102315 0.11691 0.09871 0.111292	
20190513 000000 0.096354 0.102504 0.096354 0.102314	
