20190529 000000 96.46 97.37 90.25 94.75	
20190528 000000 95.89 98.78 94.36 96.52	
20190527 000000 86.55 96.13 85.55 95.92	
20190526 000000 86.09 87.35 85.1 86.54	
20190525 000000 85.97 87.42 84.71 86.11	
20190524 000000 84.11 86.57 75.5 86.0	
20190523 000000 90.09 90.23 80.65 84.14	
20190522 000000 87.85 91.5 87.67 90.13	
20190521 000000 87.13 92.61 84.59 87.8	
20190520 000000 86.53 90.62 83.99 87.19	
20190519 000000 81.0 88.0 79.09 86.53	
20190518 000000 79.28 83.1 77.21 81.03	
20190517 000000 91.64 92.04 76.44 79.24	
20190516 000000 91.6 97.67 84.69 91.64	
20190515 000000 82.54 91.58 79.0 91.58	
20190514 000000 80.44 85.0 77.69 82.62	
20190513 000000 73.55 82.5 72.9 80.45	
20190512 000000 75.8 82.28 72.09 73.39	
20190511 000000 66.81 75.75 66.52 75.75	
20190510 000000 66.47 67.89 64.25 66.81	
20190509 000000 67.54 69.16 66.28 66.45	
20190508 000000 67.06 67.96 65.22 67.51	
20190507 000000 67.43 71.02 66.58 67.03	
20190506 000000 67.87 67.89 64.82 67.4	
20190505 000000 66.08 69.04 65.87 67.86	
20190504 000000 67.86 69.03 65.69 66.06	
20190503 000000 64.68 74.01 64.15 67.87	
20190502 000000 63.69 66.47 63.69 64.7	
20190501 000000 62.29 63.78 61.57 63.7	
20190430 000000 61.28 62.56 60.83 62.27	
