20190611 000000 0.3989 0.4028 0.3845 0.3885	
20190610 000000 0.3946 0.4036 0.3688 0.3987	
20190609 000000 0.4118 0.4122 0.3924 0.3946	
20190608 000000 0.4254 0.43 0.4064 0.412	
20190607 000000 0.4067 0.4266 0.4018 0.4252	
20190606 000000 0.3897 0.4068 0.3894 0.4067	
20190605 000000 0.412 0.4134 0.3836 0.3896	
20190604 000000 0.4406 0.4484 0.3955 0.412	
20190603 000000 0.4376 0.465 0.424 0.4408	
20190602 000000 0.4279 0.4458 0.4238 0.4376	
20190601 000000 0.4209 0.4417 0.4177 0.4279	
20190531 000000 0.47 0.473 0.4002 0.421	
20190530 000000 0.448 0.4729 0.435 0.4697	
20190529 000000 0.4436 0.4605 0.4205 0.4481	
20190528 000000 0.4228 0.4468 0.4123 0.4435	
20190527 000000 0.3812 0.4268 0.3792 0.4228	
20190526 000000 0.3845 0.3867 0.374 0.3812	
20190525 000000 0.3887 0.393 0.3796 0.3843	
20190524 000000 0.3739 0.393 0.37 0.389	
20190523 000000 0.3932 0.394 0.361 0.3738	
20190522 000000 0.3946 0.4108 0.3839 0.3931	
20190521 000000 0.3924 0.4078 0.3859 0.3946	
20190520 000000 0.4077 0.428 0.3783 0.3924	
20190519 000000 0.3754 0.413 0.3691 0.4077	
20190518 000000 0.3696 0.3949 0.3625 0.3754	
20190517 000000 0.4378 0.444 0.3594 0.3696	
20190516 000000 0.4305 0.4788 0.3933 0.4379	
20190515 000000 0.3941 0.4488 0.377 0.4304	
20190514 000000 0.3263 0.4219 0.3216 0.3943	
20190513 000000 0.3076 0.3298 0.3075 0.3263	
