20190611 000000 80.77 81.24 77.07 77.92	
20190610 000000 78.92 81.03 75.35 80.72	
20190609 000000 82.2 82.23 78.65 78.93	
20190608 000000 82.7 84.62 81.02 82.19	
20190607 000000 79.19 82.87 76.53 82.67	
20190606 000000 76.93 81.1 76.93 79.14	
20190605 000000 81.82 82.38 75.58 76.9	
20190604 000000 85.69 87.73 80.0 81.79	
20190603 000000 88.79 89.08 83.79 85.7	
20190602 000000 85.61 89.89 84.99 88.85	
20190601 000000 87.51 94.0 83.0 85.61	
20190531 000000 93.08 94.07 80.1 87.5	
20190530 000000 85.86 98.0 83.26 92.84	
20190529 000000 85.62 87.05 79.14 85.92	
20190528 000000 76.52 89.0 74.26 85.67	
20190527 000000 71.99 77.29 71.11 76.59	
20190526 000000 72.06 72.8 70.32 72.02	
20190525 000000 73.57 74.29 71.58 72.07	
20190524 000000 70.63 74.5 69.71 73.53	
20190523 000000 73.22 73.7 67.55 70.63	
20190522 000000 75.09 76.69 71.56 73.23	
20190521 000000 76.08 77.77 73.5 75.09	
20190520 000000 76.22 79.0 72.1 76.07	
20190519 000000 72.27 76.63 71.76 76.19	
20190518 000000 71.34 74.27 69.61 72.29	
20190517 000000 79.35 79.35 66.15 71.36	
20190516 000000 73.22 82.2 70.58 79.4	
20190515 000000 66.43 73.5 64.88 73.12	
20190514 000000 64.77 68.61 62.21 66.39	
20190513 000000 59.75 65.0 59.45 64.78	
