20190529 000000 0.020816 0.0217 0.019666 0.02121	
20190528 000000 0.019976 0.021641 0.019516 0.020816	
20190527 000000 0.019112 0.020493 0.018511 0.019985	
20190526 000000 0.018965 0.020482 0.018613 0.019093	
20190525 000000 0.019978 0.020144 0.018756 0.018961	
20190524 000000 0.02053 0.021159 0.0196 0.019978	
20190523 000000 0.020208 0.02149 0.01902 0.020517	
20190522 000000 0.020102 0.0218 0.01886 0.020226	
20190521 000000 0.017132 0.02031 0.016796 0.020142	
20190520 000000 0.017755 0.018348 0.016381 0.017145	
20190519 000000 0.017174 0.018118 0.016832 0.017774	
20190518 000000 0.016702 0.0178 0.016231 0.017176	
20190517 000000 0.020202 0.020396 0.01626 0.016725	
20190516 000000 0.019751 0.022186 0.017358 0.020202	
20190515 000000 0.017818 0.02 0.01705 0.019772	
20190514 000000 0.01703 0.01807 0.016173 0.017818	
20190513 000000 0.015882 0.0172 0.0158 0.01703	
20190512 000000 0.016489 0.0173 0.0158 0.015842	
20190511 000000 0.015461 0.016662 0.01523 0.016469	
20190510 000000 0.015188 0.015611 0.0149 0.015471	
20190509 000000 0.016319 0.01641 0.015049 0.015165	
20190508 000000 0.015949 0.01651 0.015269 0.016322	
20190507 000000 0.016274 0.016967 0.015666 0.015943	
20190506 000000 0.015752 0.016492 0.0149 0.016256	
20190505 000000 0.015734 0.016282 0.01569 0.015755	
20190504 000000 0.017044 0.017293 0.015698 0.015731	
20190503 000000 0.017253 0.0175 0.01665 0.01707	
20190502 000000 0.017216 0.017442 0.017 0.017258	
20190501 000000 0.017016 0.017573 0.016711 0.017218	
20190430 000000 0.016469 0.017206 0.016261 0.017012	
