20190611 000000 0.3292 0.3309 0.3145 0.3178	
20190610 000000 0.3228 0.3317 0.3087 0.3292	
20190609 000000 0.3363 0.338 0.3212 0.3227	
20190608 000000 0.3262 0.3748 0.3255 0.3362	
20190607 000000 0.3163 0.3266 0.3057 0.3259	
20190606 000000 0.3056 0.33 0.3056 0.3166	
20190605 000000 0.3158 0.3185 0.2935 0.3058	
20190604 000000 0.3313 0.3366 0.3011 0.3155	
20190603 000000 0.3367 0.3442 0.3244 0.3316	
20190602 000000 0.336 0.3403 0.3314 0.3367	
20190601 000000 0.3289 0.35 0.3254 0.3358	
20190531 000000 0.3625 0.3636 0.3104 0.3293	
20190530 000000 0.3466 0.3765 0.3387 0.3629	
20190529 000000 0.3347 0.3495 0.3231 0.3465	
20190528 000000 0.3324 0.3403 0.3239 0.3347	
20190527 000000 0.3146 0.3342 0.3128 0.3324	
20190526 000000 0.3182 0.3236 0.3093 0.3149	
20190525 000000 0.3149 0.3188 0.3107 0.3181	
20190524 000000 0.3024 0.3392 0.3002 0.3151	
20190523 000000 0.3247 0.3247 0.2909 0.3033	
20190522 000000 0.3202 0.336 0.316 0.3238	
20190521 000000 0.3209 0.3241 0.3093 0.3203	
20190520 000000 0.3285 0.3381 0.3037 0.3208	
20190519 000000 0.3243 0.3414 0.3209 0.3285	
20190518 000000 0.3011 0.3252 0.2986 0.3242	
20190517 000000 0.3537 0.3575 0.2924 0.3016	
20190516 000000 0.3369 0.3816 0.3208 0.3537	
20190515 000000 0.302 0.3407 0.2926 0.3364	
20190514 000000 0.2855 0.3039 0.2741 0.3019	
20190513 000000 0.2665 0.2883 0.2658 0.2854	
